0.000000 0.489984 0.450479 0.450479
0.025000 0.489984 0.441238 0.441238
0.050000 0.404771 0.413581 0.413999
0.075000 0.404771 0.413581 0.413999
0.100000 0.404771 0.410403 0.413999
0.125000 0.404771 0.410403 0.411133
0.150000 0.404771 0.408202 0.401136
0.175000 0.400732 0.406515 0.399629
0.200000 0.400732 0.403405 0.399629
0.225000 0.400732 0.403405 0.399629
0.250000 0.393275 0.403405 0.390754
0.275000 0.391510 0.400048 0.380887
0.300000 0.391510 0.391205 0.374605
0.325000 0.391510 0.381445 0.369855
0.350000 0.389243 0.378729 0.365811
0.375000 0.379464 0.374519 0.354548
0.400000 0.368151 0.367753 0.351307
0.425000 0.366110 0.356391 0.343386
0.450000 0.362265 0.351845 0.333082
0.475000 0.358454 0.342448 0.324858
0.500000 0.352475 0.340370 0.313868
0.525000 0.337170 0.328450 0.304527
0.550000 0.334275 0.319942 0.294812
0.575000 0.328255 0.307278 0.282494
0.600000 0.314795 0.297272 0.273167
0.625000 0.305515 0.279437 0.262050
0.650000 0.294683 0.266693 0.237442
0.675000 0.275715 0.254486 0.214477
0.700000 0.262085 0.228329 0.191004
0.725000 0.234425 0.198558 0.160721
0.750000 0.223181 0.168677 0.137603
0.775000 0.179094 0.135653 0.000000
0.800000 0.137730 0.122807 0.000000
0.825000 0.113783 0.000000 0.000000
0.850000 0.000000 0.000000 0.000000
0.875000 0.000000 0.000000 0.000000
0.900000 0.000000 0.000000 0.000000
0.925000 0.000000 0.000000 0.000000
0.950000 0.000000 0.000000 0.000000
0.975000 0.000000 0.000000 0.000000
1.000000 0.000000 0.000000 0.000000
