0.000000 1.000000 1.000000 1.000000
0.025000 0.973684 0.982143 0.982143
0.050000 0.973684 0.969697 0.962121
0.075000 0.967391 0.961538 0.954082
0.100000 0.957983 0.953125 0.949791
0.125000 0.948276 0.948718 0.932660
0.150000 0.942308 0.931507 0.927649
0.175000 0.922780 0.925926 0.927400
0.200000 0.922780 0.925926 0.921162
0.225000 0.914894 0.918803 0.919014
0.250000 0.914894 0.917323 0.902711
0.275000 0.914365 0.915905 0.888071
0.300000 0.907500 0.898839 0.868687
0.325000 0.905530 0.882897 0.862440
0.350000 0.901961 0.874106 0.845316
0.375000 0.882236 0.862616 0.817121
0.400000 0.861940 0.847619 0.809125
0.425000 0.850694 0.820430 0.792054
0.450000 0.834951 0.808359 0.762855
0.475000 0.828484 0.787372 0.742210
0.500000 0.806723 0.779964 0.716808
0.525000 0.771069 0.747961 0.692492
0.550000 0.762999 0.725697 0.664832
0.575000 0.748284 0.698047 0.637519
0.600000 0.714880 0.671374 0.613626
0.625000 0.692085 0.628052 0.590185
0.650000 0.661580 0.598529 0.533812
0.675000 0.615994 0.570944 0.479328
0.700000 0.582845 0.511120 0.426133
0.725000 0.522426 0.442021 0.358636
0.750000 0.497661 0.375178 0.305831
0.775000 0.399909 0.300554 0.000000
0.800000 0.305965 0.272128 0.000000
0.825000 0.252374 0.000000 0.000000
0.850000 0.000000 0.000000 0.000000
0.875000 0.000000 0.000000 0.000000
0.900000 0.000000 0.000000 0.000000
0.925000 0.000000 0.000000 0.000000
0.950000 0.000000 0.000000 0.000000
0.975000 0.000000 0.000000 0.000000
1.000000 0.000000 0.000000 0.000000
