Pedestrian 0.00 0 0.00 683.54 161.62 705.34 235.11 0.00 0.00 0.00 0.00 0.00 0.00 0.00 0.70
Pedestrian 0.00 0 0.00 451.45 162.78 472.82 238.02 0.00 0.00 0.00 0.00 0.00 0.00 0.00 0.69
Pedestrian 0.00 0 0.00 718.99 162.15 733.57 206.48 0.00 0.00 0.00 0.00 0.00 0.00 0.00 0.62
Pedestrian 0.00 0 0.00 237.56 169.56 279.35 302.04 0.00 0.00 0.00 0.00 0.00 0.00 0.00 0.61
Pedestrian 0.00 0 0.00 731.00 164.18 740.70 204.59 0.00 0.00 0.00 0.00 0.00 0.00 0.00 0.61
Pedestrian 0.00 0 0.00 534.75 167.34 548.42 206.14 0.00 0.00 0.00 0.00 0.00 0.00 0.00 0.59
Pedestrian 0.00 0 0.00 387.15 165.53 409.25 218.32 0.00 0.00 0.00 0.00 0.00 0.00 0.00 0.54
Pedestrian 0.00 0 0.00 205.51 157.73 226.21 216.34 0.00 0.00 0.00 0.00 0.00 0.00 0.00 0.53
Pedestrian 0.00 0 0.00 5.68 155.91 35.86 235.79 0.00 0.00 0.00 0.00 0.00 0.00 0.00 0.53
Pedestrian 0.00 0 0.00 433.50 150.23 462.75 204.76 0.00 0.00 0.00 0.00 0.00 0.00 0.00 0.53
