Pedestrian 0.00 0 0.00 1001.37 149.53 1086.34 335.28 0.00 0.00 0.00 0.00 0.00 0.00 0.00 0.69
Pedestrian 0.00 0 0.00 689.19 168.76 706.46 221.78 0.00 0.00 0.00 0.00 0.00 0.00 0.00 0.66
Pedestrian 0.00 0 0.00 540.83 167.75 558.65 222.62 0.00 0.00 0.00 0.00 0.00 0.00 0.00 0.66
Pedestrian 0.00 0 0.00 1112.05 130.82 1146.16 242.38 0.00 0.00 0.00 0.00 0.00 0.00 0.00 0.61
Pedestrian 0.00 0 0.00 735.27 161.63 768.30 259.59 0.00 0.00 0.00 0.00 0.00 0.00 0.00 0.60
Pedestrian 0.00 0 0.00 859.78 152.12 924.33 346.18 0.00 0.00 0.00 0.00 0.00 0.00 0.00 0.57
Pedestrian 0.00 0 0.00 969.59 137.59 1016.06 265.66 0.00 0.00 0.00 0.00 0.00 0.00 0.00 0.54
Pedestrian 0.00 0 0.00 14.33 188.82 48.89 257.11 0.00 0.00 0.00 0.00 0.00 0.00 0.00 0.53
Pedestrian 0.00 0 0.00 931.84 180.39 975.26 284.36 0.00 0.00 0.00 0.00 0.00 0.00 0.00 0.52
Pedestrian 0.00 0 0.00 817.41 148.89 834.86 201.01 0.00 0.00 0.00 0.00 0.00 0.00 0.00 0.52
