Pedestrian 0.00 0 0.00 734.85 173.67 799.74 318.15 0.00 0.00 0.00 0.00 0.00 0.00 0.00 0.70
Pedestrian 0.00 0 0.00 692.40 183.45 722.18 277.30 0.00 0.00 0.00 0.00 0.00 0.00 0.00 0.69
Pedestrian 0.00 0 0.00 369.09 170.22 421.61 290.45 0.00 0.00 0.00 0.00 0.00 0.00 0.00 0.69
Pedestrian 0.00 0 0.00 644.02 173.41 675.08 236.91 0.00 0.00 0.00 0.00 0.00 0.00 0.00 0.69
Pedestrian 0.00 0 0.00 715.21 171.11 752.33 277.21 0.00 0.00 0.00 0.00 0.00 0.00 0.00 0.68
Pedestrian 0.00 0 0.00 301.35 170.01 334.95 279.23 0.00 0.00 0.00 0.00 0.00 0.00 0.00 0.66
Pedestrian 0.00 0 0.00 779.47 165.53 809.26 256.42 0.00 0.00 0.00 0.00 0.00 0.00 0.00 0.65
Pedestrian 0.00 0 0.00 868.42 165.67 916.56 287.24 0.00 0.00 0.00 0.00 0.00 0.00 0.00 0.64
Pedestrian 0.00 0 0.00 907.49 169.41 959.31 296.12 0.00 0.00 0.00 0.00 0.00 0.00 0.00 0.61
Pedestrian 0.00 0 0.00 793.00 166.37 817.42 239.21 0.00 0.00 0.00 0.00 0.00 0.00 0.00 0.62
Pedestrian 0.00 0 0.00 741.63 173.79 768.66 247.55 0.00 0.00 0.00 0.00 0.00 0.00 0.00 0.60
Pedestrian 0.00 0 0.00 675.48 179.23 691.64 224.20 0.00 0.00 0.00 0.00 0.00 0.00 0.00 0.60
Pedestrian 0.00 0 0.00 193.35 172.68 226.74 245.03 0.00 0.00 0.00 0.00 0.00 0.00 0.00 0.55
Pedestrian 0.00 0 0.00 703.17 177.06 717.41 221.35 0.00 0.00 0.00 0.00 0.00 0.00 0.00 0.54
Pedestrian 0.00 0 0.00 683.16 188.86 696.56 226.30 0.00 0.00 0.00 0.00 0.00 0.00 0.00 0.53
