Pedestrian 0.00 0 0.00 907.26 133.55 991.56 324.30 0.00 0.00 0.00 0.00 0.00 0.00 0.00 0.69
Pedestrian 0.00 0 0.00 753.61 157.43 821.51 345.08 0.00 0.00 0.00 0.00 0.00 0.00 0.00 0.70
Pedestrian 0.00 0 0.00 530.43 148.44 561.68 211.81 0.00 0.00 0.00 0.00 0.00 0.00 0.00 0.68
Pedestrian 0.00 0 0.00 632.27 151.74 694.83 347.93 0.00 0.00 0.00 0.00 0.00 0.00 0.00 0.67
Pedestrian 0.00 0 0.00 782.72 150.10 913.16 380.59 0.00 0.00 0.00 0.00 0.00 0.00 0.00 0.63
Pedestrian 0.00 0 0.00 636.48 141.64 661.02 201.01 0.00 0.00 0.00 0.00 0.00 0.00 0.00 0.60
Pedestrian 0.00 0 0.00 551.39 142.82 568.48 188.75 0.00 0.00 0.00 0.00 0.00 0.00 0.00 0.58
Pedestrian 0.00 0 0.00 482.50 152.47 497.98 190.44 0.00 0.00 0.00 0.00 0.00 0.00 0.00 0.54
Pedestrian 0.00 0 0.00 817.18 138.99 890.52 324.49 0.00 0.00 0.00 0.00 0.00 0.00 0.00 0.53
Pedestrian 0.00 0 0.00 514.77 145.73 545.75 210.70 0.00 0.00 0.00 0.00 0.00 0.00 0.00 0.53
