Pedestrian 0.00 0 0.00 179.58 163.01 265.72 340.02 0.00 0.00 0.00 0.00 0.00 0.00 0.00 0.70
Pedestrian 0.00 0 0.00 766.99 163.80 792.53 245.18 0.00 0.00 0.00 0.00 0.00 0.00 0.00 0.70
Pedestrian 0.00 0 0.00 738.25 165.47 762.62 233.27 0.00 0.00 0.00 0.00 0.00 0.00 0.00 0.65
Pedestrian 0.00 0 0.00 667.83 169.76 694.31 231.87 0.00 0.00 0.00 0.00 0.00 0.00 0.00 0.63
Pedestrian 0.00 0 0.00 673.67 164.62 735.70 326.64 0.00 0.00 0.00 0.00 0.00 0.00 0.00 0.63
Pedestrian 0.00 0 0.00 823.64 145.72 859.62 252.36 0.00 0.00 0.00 0.00 0.00 0.00 0.00 0.56
Pedestrian 0.00 0 0.00 533.23 175.27 544.67 202.58 0.00 0.00 0.00 0.00 0.00 0.00 0.00 0.56
Pedestrian 0.00 0 0.00 843.96 135.64 866.76 226.61 0.00 0.00 0.00 0.00 0.00 0.00 0.00 0.54
Pedestrian 0.00 0 0.00 705.96 177.66 732.19 247.03 0.00 0.00 0.00 0.00 0.00 0.00 0.00 0.55
Pedestrian 0.00 0 0.00 912.77 148.20 986.96 284.42 0.00 0.00 0.00 0.00 0.00 0.00 0.00 0.54
Pedestrian 0.00 0 0.00 419.41 172.10 438.88 230.88 0.00 0.00 0.00 0.00 0.00 0.00 0.00 0.55
Pedestrian 0.00 0 0.00 547.23 182.57 556.44 209.92 0.00 0.00 0.00 0.00 0.00 0.00 0.00 0.54
Pedestrian 0.00 0 0.00 755.80 166.40 772.27 215.74 0.00 0.00 0.00 0.00 0.00 0.00 0.00 0.53
Pedestrian 0.00 0 0.00 144.04 186.04 183.06 273.78 0.00 0.00 0.00 0.00 0.00 0.00 0.00 0.53
