Pedestrian 0.00 0 0.00 1070.88 147.26 1185.77 387.00 0.00 0.00 0.00 0.00 0.00 0.00 0.00 0.65
Pedestrian 0.00 0 0.00 779.62 153.84 809.25 252.69 0.00 0.00 0.00 0.00 0.00 0.00 0.00 0.64
Pedestrian 0.00 0 0.00 622.54 162.84 634.79 193.32 0.00 0.00 0.00 0.00 0.00 0.00 0.00 0.59
Pedestrian 0.00 0 0.00 334.09 129.96 387.54 265.69 0.00 0.00 0.00 0.00 0.00 0.00 0.00 0.59
Pedestrian 0.00 0 0.00 603.19 162.83 615.13 193.69 0.00 0.00 0.00 0.00 0.00 0.00 0.00 0.59
Pedestrian 0.00 0 0.00 472.60 173.38 488.59 215.45 0.00 0.00 0.00 0.00 0.00 0.00 0.00 0.57
Pedestrian 0.00 0 0.00 208.31 149.42 243.99 252.87 0.00 0.00 0.00 0.00 0.00 0.00 0.00 0.55
Pedestrian 0.00 0 0.00 428.10 153.96 466.68 229.60 0.00 0.00 0.00 0.00 0.00 0.00 0.00 0.55
Pedestrian 0.00 0 0.00 522.31 162.17 539.10 203.18 0.00 0.00 0.00 0.00 0.00 0.00 0.00 0.55
Pedestrian 0.00 0 0.00 611.26 161.77 623.54 191.79 0.00 0.00 0.00 0.00 0.00 0.00 0.00 0.53
