Pedestrian 0.00 0 0.00 165.59 163.25 252.59 373.55 0.00 0.00 0.00 0.00 0.00 0.00 0.00 0.69
Pedestrian 0.00 0 0.00 902.59 145.90 940.52 251.01 0.00 0.00 0.00 0.00 0.00 0.00 0.00 0.68
Pedestrian 0.00 0 0.00 865.67 160.66 931.18 352.71 0.00 0.00 0.00 0.00 0.00 0.00 0.00 0.64
Pedestrian 0.00 0 0.00 111.81 162.11 192.05 334.50 0.00 0.00 0.00 0.00 0.00 0.00 0.00 0.63
Pedestrian 0.00 0 0.00 566.94 169.52 580.82 200.55 0.00 0.00 0.00 0.00 0.00 0.00 0.00 0.64
Pedestrian 0.00 0 0.00 11.70 138.90 71.23 367.67 0.00 0.00 0.00 0.00 0.00 0.00 0.00 0.62
Pedestrian 0.00 0 0.00 485.52 166.23 503.63 214.71 0.00 0.00 0.00 0.00 0.00 0.00 0.00 0.61
Pedestrian 0.00 0 0.00 536.16 179.16 553.45 223.41 0.00 0.00 0.00 0.00 0.00 0.00 0.00 0.55
Pedestrian 0.00 0 0.00 288.94 207.88 376.89 376.61 0.00 0.00 0.00 0.00 0.00 0.00 0.00 0.53
Pedestrian 0.00 0 0.00 623.58 173.22 634.17 196.71 0.00 0.00 0.00 0.00 0.00 0.00 0.00 0.52
