Pedestrian 0.00 0 0.00 568.82 166.80 605.46 255.46 0.00 0.00 0.00 0.00 0.00 0.00 0.00 0.71
Pedestrian 0.00 0 0.00 873.90 150.23 977.98 382.86 0.00 0.00 0.00 0.00 0.00 0.00 0.00 0.68
Pedestrian 0.00 0 0.00 753.32 164.23 768.37 209.33 0.00 0.00 0.00 0.00 0.00 0.00 0.00 0.68
Pedestrian 0.00 0 0.00 619.93 163.51 642.21 238.67 0.00 0.00 0.00 0.00 0.00 0.00 0.00 0.68
Pedestrian 0.00 0 0.00 698.92 163.03 711.81 205.36 0.00 0.00 0.00 0.00 0.00 0.00 0.00 0.66
Pedestrian 0.00 0 0.00 702.23 170.16 721.52 212.31 0.00 0.00 0.00 0.00 0.00 0.00 0.00 0.64
Pedestrian 0.00 0 0.00 791.03 161.26 842.00 290.55 0.00 0.00 0.00 0.00 0.00 0.00 0.00 0.60
Pedestrian 0.00 0 0.00 611.02 164.13 638.04 233.98 0.00 0.00 0.00 0.00 0.00 0.00 0.00 0.57
Pedestrian 0.00 0 0.00 115.22 182.43 158.37 284.07 0.00 0.00 0.00 0.00 0.00 0.00 0.00 0.55
Pedestrian 0.00 0 0.00 1078.56 216.84 1169.84 369.77 0.00 0.00 0.00 0.00 0.00 0.00 0.00 0.52
Pedestrian 0.00 0 0.00 589.02 168.68 599.36 193.13 0.00 0.00 0.00 0.00 0.00 0.00 0.00 0.52
