Pedestrian 0.00 0 0.00 447.64 171.23 478.90 257.68 0.00 0.00 0.00 0.00 0.00 0.00 0.00 0.70
Pedestrian 0.00 0 0.00 523.43 182.86 540.88 232.23 0.00 0.00 0.00 0.00 0.00 0.00 0.00 0.68
Pedestrian 0.00 0 0.00 149.38 176.11 216.73 331.24 0.00 0.00 0.00 0.00 0.00 0.00 0.00 0.67
Pedestrian 0.00 0 0.00 907.23 165.66 969.17 315.31 0.00 0.00 0.00 0.00 0.00 0.00 0.00 0.67
Pedestrian 0.00 0 0.00 627.28 174.74 640.02 215.96 0.00 0.00 0.00 0.00 0.00 0.00 0.00 0.64
Pedestrian 0.00 0 0.00 390.55 192.41 423.28 266.13 0.00 0.00 0.00 0.00 0.00 0.00 0.00 0.63
Pedestrian 0.00 0 0.00 578.68 177.91 601.24 220.28 0.00 0.00 0.00 0.00 0.00 0.00 0.00 0.59
Pedestrian 0.00 0 0.00 330.33 156.94 393.00 301.06 0.00 0.00 0.00 0.00 0.00 0.00 0.00 0.55
Pedestrian 0.00 0 0.00 596.85 185.32 609.36 223.26 0.00 0.00 0.00 0.00 0.00 0.00 0.00 0.54
Pedestrian 0.00 0 0.00 697.72 177.83 712.50 223.83 0.00 0.00 0.00 0.00 0.00 0.00 0.00 0.52
