Pedestrian 0.00 0 0.00 403.78 169.03 448.21 276.73 0.00 0.00 0.00 0.00 0.00 0.00 0.00 0.70
Pedestrian 0.00 0 0.00 677.22 167.56 709.62 261.01 0.00 0.00 0.00 0.00 0.00 0.00 0.00 0.70
Pedestrian 0.00 0 0.00 719.19 166.68 754.87 260.77 0.00 0.00 0.00 0.00 0.00 0.00 0.00 0.67
Pedestrian 0.00 0 0.00 512.23 167.69 534.47 214.52 0.00 0.00 0.00 0.00 0.00 0.00 0.00 0.65
Pedestrian 0.00 0 0.00 742.42 164.52 766.53 215.16 0.00 0.00 0.00 0.00 0.00 0.00 0.00 0.60
Pedestrian 0.00 0 0.00 754.53 165.58 777.18 216.76 0.00 0.00 0.00 0.00 0.00 0.00 0.00 0.59
Pedestrian 0.00 0 0.00 660.17 171.56 672.28 199.73 0.00 0.00 0.00 0.00 0.00 0.00 0.00 0.58
Pedestrian 0.00 0 0.00 778.62 155.42 804.60 216.40 0.00 0.00 0.00 0.00 0.00 0.00 0.00 0.56
Pedestrian 0.00 0 0.00 448.74 186.04 459.09 215.36 0.00 0.00 0.00 0.00 0.00 0.00 0.00 0.56
Pedestrian 0.00 0 0.00 287.19 162.12 304.45 203.01 0.00 0.00 0.00 0.00 0.00 0.00 0.00 0.54
Pedestrian 0.00 0 0.00 456.81 176.56 468.29 208.15 0.00 0.00 0.00 0.00 0.00 0.00 0.00 0.54
