Pedestrian 0.00 0 0.00 800.32 152.96 822.97 232.67 0.00 0.00 0.00 0.00 0.00 0.00 0.00 0.68
Pedestrian 0.00 0 0.00 585.71 159.98 598.57 196.14 0.00 0.00 0.00 0.00 0.00 0.00 0.00 0.63
Pedestrian 0.00 0 0.00 512.59 167.02 527.11 208.61 0.00 0.00 0.00 0.00 0.00 0.00 0.00 0.61
Pedestrian 0.00 0 0.00 597.47 161.43 610.91 198.64 0.00 0.00 0.00 0.00 0.00 0.00 0.00 0.60
Pedestrian 0.00 0 0.00 971.88 165.26 1029.57 309.24 0.00 0.00 0.00 0.00 0.00 0.00 0.00 0.55
Pedestrian 0.00 0 0.00 528.79 169.50 545.70 215.95 0.00 0.00 0.00 0.00 0.00 0.00 0.00 0.57
Pedestrian 0.00 0 0.00 936.28 162.79 971.25 238.46 0.00 0.00 0.00 0.00 0.00 0.00 0.00 0.53
Pedestrian 0.00 0 0.00 381.35 155.27 407.82 232.06 0.00 0.00 0.00 0.00 0.00 0.00 0.00 0.54
Pedestrian 0.00 0 0.00 662.73 160.53 672.96 189.78 0.00 0.00 0.00 0.00 0.00 0.00 0.00 0.53
Pedestrian 0.00 0 0.00 1147.78 151.50 1221.90 317.67 0.00 0.00 0.00 0.00 0.00 0.00 0.00 0.51
