Pedestrian 0.00 0 0.00 293.42 165.23 338.63 301.41 0.00 0.00 0.00 0.00 0.00 0.00 0.00 0.69
Pedestrian 0.00 0 0.00 826.18 153.84 856.61 232.19 0.00 0.00 0.00 0.00 0.00 0.00 0.00 0.68
Pedestrian 0.00 0 0.00 752.69 160.05 785.60 276.49 0.00 0.00 0.00 0.00 0.00 0.00 0.00 0.68
Pedestrian 0.00 0 0.00 828.59 160.73 913.18 356.66 0.00 0.00 0.00 0.00 0.00 0.00 0.00 0.63
Pedestrian 0.00 0 0.00 267.43 165.54 308.16 276.90 0.00 0.00 0.00 0.00 0.00 0.00 0.00 0.60
Pedestrian 0.00 0 0.00 557.99 170.89 568.59 199.16 0.00 0.00 0.00 0.00 0.00 0.00 0.00 0.60
Pedestrian 0.00 0 0.00 487.99 170.27 502.44 211.00 0.00 0.00 0.00 0.00 0.00 0.00 0.00 0.57
Pedestrian 0.00 0 0.00 394.61 193.03 439.70 306.70 0.00 0.00 0.00 0.00 0.00 0.00 0.00 0.55
Pedestrian 0.00 0 0.00 17.09 102.40 120.95 398.16 0.00 0.00 0.00 0.00 0.00 0.00 0.00 0.55
Pedestrian 0.00 0 0.00 207.64 161.35 266.48 293.34 0.00 0.00 0.00 0.00 0.00 0.00 0.00 0.52
