Pedestrian 0.00 0 0.00 1095.71 147.30 1205.08 387.39 0.00 0.00 0.00 0.00 0.00 0.00 0.00 0.68
Pedestrian 0.00 0 0.00 629.28 165.80 644.22 214.63 0.00 0.00 0.00 0.00 0.00 0.00 0.00 0.68
Pedestrian 0.00 0 0.00 283.51 163.34 338.03 304.95 0.00 0.00 0.00 0.00 0.00 0.00 0.00 0.68
Pedestrian 0.00 0 0.00 649.65 169.86 675.61 229.13 0.00 0.00 0.00 0.00 0.00 0.00 0.00 0.67
Pedestrian 0.00 0 0.00 567.68 166.87 584.56 220.81 0.00 0.00 0.00 0.00 0.00 0.00 0.00 0.64
Pedestrian 0.00 0 0.00 512.20 174.83 532.50 236.61 0.00 0.00 0.00 0.00 0.00 0.00 0.00 0.57
Pedestrian 0.00 0 0.00 620.26 162.83 633.07 198.44 0.00 0.00 0.00 0.00 0.00 0.00 0.00 0.54
Pedestrian 0.00 0 0.00 582.51 172.17 599.76 218.14 0.00 0.00 0.00 0.00 0.00 0.00 0.00 0.54
Pedestrian 0.00 0 0.00 643.22 165.66 656.41 196.99 0.00 0.00 0.00 0.00 0.00 0.00 0.00 0.53
Pedestrian 0.00 0 0.00 719.49 162.16 733.47 195.33 0.00 0.00 0.00 0.00 0.00 0.00 0.00 0.52
