Pedestrian 0.00 0 0.00 503.25 169.32 521.82 232.61 0.00 0.00 0.00 0.00 0.00 0.00 0.00 0.70
Pedestrian 0.00 0 0.00 660.19 171.81 677.59 229.78 0.00 0.00 0.00 0.00 0.00 0.00 0.00 0.67
Pedestrian 0.00 0 0.00 572.39 173.44 587.84 204.54 0.00 0.00 0.00 0.00 0.00 0.00 0.00 0.60
Pedestrian 0.00 0 0.00 681.75 171.52 704.26 230.83 0.00 0.00 0.00 0.00 0.00 0.00 0.00 0.59
Pedestrian 0.00 0 0.00 838.70 195.67 896.12 373.35 0.00 0.00 0.00 0.00 0.00 0.00 0.00 0.56
Pedestrian 0.00 0 0.00 588.62 173.30 603.44 200.90 0.00 0.00 0.00 0.00 0.00 0.00 0.00 0.56
Pedestrian 0.00 0 0.00 4.71 197.51 26.35 268.43 0.00 0.00 0.00 0.00 0.00 0.00 0.00 0.54
Pedestrian 0.00 0 0.00 802.73 150.25 818.89 200.01 0.00 0.00 0.00 0.00 0.00 0.00 0.00 0.53
Pedestrian 0.00 0 0.00 785.70 156.50 809.69 205.94 0.00 0.00 0.00 0.00 0.00 0.00 0.00 0.52
Pedestrian 0.00 0 0.00 1119.49 165.18 1215.22 347.25 0.00 0.00 0.00 0.00 0.00 0.00 0.00 0.52
Pedestrian 0.00 0 0.00 485.87 161.35 499.30 197.59 0.00 0.00 0.00 0.00 0.00 0.00 0.00 0.53
