Pedestrian 0.00 0 0.00 629.11 160.59 661.76 243.04 0.00 0.00 0.00 0.00 0.00 0.00 0.00 0.70
Pedestrian 0.00 0 0.00 454.67 152.07 505.70 300.10 0.00 0.00 0.00 0.00 0.00 0.00 0.00 0.69
Pedestrian 0.00 0 0.00 747.51 150.61 762.71 203.95 0.00 0.00 0.00 0.00 0.00 0.00 0.00 0.68
Pedestrian 0.00 0 0.00 387.04 165.62 420.11 243.41 0.00 0.00 0.00 0.00 0.00 0.00 0.00 0.67
Pedestrian 0.00 0 0.00 703.93 163.50 727.86 230.60 0.00 0.00 0.00 0.00 0.00 0.00 0.00 0.61
Pedestrian 0.00 0 0.00 727.43 156.65 756.01 220.55 0.00 0.00 0.00 0.00 0.00 0.00 0.00 0.61
Pedestrian 0.00 0 0.00 677.36 158.67 704.47 235.71 0.00 0.00 0.00 0.00 0.00 0.00 0.00 0.59
Pedestrian 0.00 0 0.00 721.75 159.39 739.42 207.61 0.00 0.00 0.00 0.00 0.00 0.00 0.00 0.58
Pedestrian 0.00 0 0.00 263.09 184.54 348.97 378.37 0.00 0.00 0.00 0.00 0.00 0.00 0.00 0.58
Pedestrian 0.00 0 0.00 626.40 157.41 641.20 208.45 0.00 0.00 0.00 0.00 0.00 0.00 0.00 0.55
Pedestrian 0.00 0 0.00 689.59 162.74 710.01 213.46 0.00 0.00 0.00 0.00 0.00 0.00 0.00 0.54
Pedestrian 0.00 0 0.00 655.13 162.74 667.63 203.76 0.00 0.00 0.00 0.00 0.00 0.00 0.00 0.53
Pedestrian 0.00 0 0.00 535.52 170.12 554.79 212.34 0.00 0.00 0.00 0.00 0.00 0.00 0.00 0.53
