Pedestrian 0.00 0 0.00 543.92 143.39 590.35 279.62 0.00 0.00 0.00 0.00 0.00 0.00 0.00 0.70
Pedestrian 0.00 0 0.00 336.92 159.56 416.98 377.11 0.00 0.00 0.00 0.00 0.00 0.00 0.00 0.69
Pedestrian 0.00 0 0.00 639.13 140.60 658.38 198.72 0.00 0.00 0.00 0.00 0.00 0.00 0.00 0.67
Pedestrian 0.00 0 0.00 916.50 153.59 1006.82 375.17 0.00 0.00 0.00 0.00 0.00 0.00 0.00 0.67
Pedestrian 0.00 0 0.00 238.45 132.65 287.99 244.19 0.00 0.00 0.00 0.00 0.00 0.00 0.00 0.66
Pedestrian 0.00 0 0.00 755.02 134.33 801.32 259.21 0.00 0.00 0.00 0.00 0.00 0.00 0.00 0.64
Pedestrian 0.00 0 0.00 645.47 119.15 762.77 389.94 0.00 0.00 0.00 0.00 0.00 0.00 0.00 0.60
Pedestrian 0.00 0 0.00 1066.57 95.02 1189.53 399.19 0.00 0.00 0.00 0.00 0.00 0.00 0.00 0.52
Pedestrian 0.00 0 0.00 301.26 140.44 349.56 237.30 0.00 0.00 0.00 0.00 0.00 0.00 0.00 0.53
Pedestrian 0.00 0 0.00 95.40 157.32 125.05 229.15 0.00 0.00 0.00 0.00 0.00 0.00 0.00 0.52
