Pedestrian 0.00 0 0.00 559.88 164.17 587.82 230.90 0.00 0.00 0.00 0.00 0.00 0.00 0.00 0.69
Pedestrian 0.00 0 0.00 575.68 158.38 661.84 328.40 0.00 0.00 0.00 0.00 0.00 0.00 0.00 0.69
Pedestrian 0.00 0 0.00 1074.96 125.91 1167.23 333.27 0.00 0.00 0.00 0.00 0.00 0.00 0.00 0.68
Pedestrian 0.00 0 0.00 636.77 163.55 701.20 297.65 0.00 0.00 0.00 0.00 0.00 0.00 0.00 0.68
Pedestrian 0.00 0 0.00 464.00 171.76 495.19 247.60 0.00 0.00 0.00 0.00 0.00 0.00 0.00 0.66
Pedestrian 0.00 0 0.00 632.68 160.56 648.67 211.07 0.00 0.00 0.00 0.00 0.00 0.00 0.00 0.63
Pedestrian 0.00 0 0.00 1143.29 137.00 1217.46 318.88 0.00 0.00 0.00 0.00 0.00 0.00 0.00 0.58
Pedestrian 0.00 0 0.00 1039.24 140.02 1089.74 273.59 0.00 0.00 0.00 0.00 0.00 0.00 0.00 0.53
Pedestrian 0.00 0 0.00 624.13 169.45 649.78 238.04 0.00 0.00 0.00 0.00 0.00 0.00 0.00 0.54
Pedestrian 0.00 0 0.00 599.95 161.46 620.72 224.39 0.00 0.00 0.00 0.00 0.00 0.00 0.00 0.54
Pedestrian 0.00 0 0.00 1190.29 143.47 1229.63 281.79 0.00 0.00 0.00 0.00 0.00 0.00 0.00 0.52
Pedestrian 0.00 0 0.00 1119.39 115.59 1183.01 254.77 0.00 0.00 0.00 0.00 0.00 0.00 0.00 0.52
