Pedestrian 0.00 0 0.00 934.21 136.15 1057.52 391.57 0.00 0.00 0.00 0.00 0.00 0.00 0.00 0.68
Pedestrian 0.00 0 0.00 507.69 155.85 560.39 297.63 0.00 0.00 0.00 0.00 0.00 0.00 0.00 0.68
Pedestrian 0.00 0 0.00 704.01 166.71 725.56 216.76 0.00 0.00 0.00 0.00 0.00 0.00 0.00 0.68
Pedestrian 0.00 0 0.00 754.52 163.36 768.55 210.94 0.00 0.00 0.00 0.00 0.00 0.00 0.00 0.64
Pedestrian 0.00 0 0.00 540.10 163.53 567.92 248.01 0.00 0.00 0.00 0.00 0.00 0.00 0.00 0.64
Pedestrian 0.00 0 0.00 527.74 161.35 556.48 249.92 0.00 0.00 0.00 0.00 0.00 0.00 0.00 0.62
Pedestrian 0.00 0 0.00 850.22 166.08 932.26 344.81 0.00 0.00 0.00 0.00 0.00 0.00 0.00 0.60
Pedestrian 0.00 0 0.00 698.32 163.38 711.26 209.15 0.00 0.00 0.00 0.00 0.00 0.00 0.00 0.60
Pedestrian 0.00 0 0.00 913.83 178.29 959.21 292.26 0.00 0.00 0.00 0.00 0.00 0.00 0.00 0.54
Pedestrian 0.00 0 0.00 568.95 177.95 585.01 218.39 0.00 0.00 0.00 0.00 0.00 0.00 0.00 0.53
