Pedestrian 0.00 0 0.00 45.01 184.82 156.38 379.00 0.00 0.00 0.00 0.00 0.00 0.00 0.00 0.64
Pedestrian 0.00 0 0.00 4.60 177.88 26.33 252.41 0.00 0.00 0.00 0.00 0.00 0.00 0.00 0.59
Pedestrian 0.00 0 0.00 291.78 163.20 365.06 332.81 0.00 0.00 0.00 0.00 0.00 0.00 0.00 0.62
Pedestrian 0.00 0 0.00 160.01 167.85 242.94 381.82 0.00 0.00 0.00 0.00 0.00 0.00 0.00 0.61
Pedestrian 0.00 0 0.00 204.05 172.48 261.08 318.92 0.00 0.00 0.00 0.00 0.00 0.00 0.00 0.59
Pedestrian 0.00 0 0.00 667.64 159.11 689.06 224.58 0.00 0.00 0.00 0.00 0.00 0.00 0.00 0.57
Pedestrian 0.00 0 0.00 15.81 181.11 89.01 382.26 0.00 0.00 0.00 0.00 0.00 0.00 0.00 0.55
Pedestrian 0.00 0 0.00 114.54 154.54 132.17 214.88 0.00 0.00 0.00 0.00 0.00 0.00 0.00 0.54
Pedestrian 0.00 0 0.00 412.17 167.82 432.99 219.08 0.00 0.00 0.00 0.00 0.00 0.00 0.00 0.55
Pedestrian 0.00 0 0.00 531.93 169.37 554.81 216.16 0.00 0.00 0.00 0.00 0.00 0.00 0.00 0.55
Pedestrian 0.00 0 0.00 697.13 149.31 723.36 215.81 0.00 0.00 0.00 0.00 0.00 0.00 0.00 0.53
Pedestrian 0.00 0 0.00 627.45 190.07 666.65 280.03 0.00 0.00 0.00 0.00 0.00 0.00 0.00 0.53
Pedestrian 0.00 0 0.00 221.71 165.99 236.75 202.07 0.00 0.00 0.00 0.00 0.00 0.00 0.00 0.52
Pedestrian 0.00 0 0.00 104.73 159.21 129.14 205.89 0.00 0.00 0.00 0.00 0.00 0.00 0.00 0.52
Pedestrian 0.00 0 0.00 680.72 174.84 699.83 228.73 0.00 0.00 0.00 0.00 0.00 0.00 0.00 0.53
Pedestrian 0.00 0 0.00 556.06 173.98 577.12 222.72 0.00 0.00 0.00 0.00 0.00 0.00 0.00 0.53
Pedestrian 0.00 0 0.00 127.15 184.90 219.25 369.20 0.00 0.00 0.00 0.00 0.00 0.00 0.00 0.52
