Pedestrian 0.00 0 0.00 570.09 140.34 596.75 219.66 0.00 0.00 0.00 0.00 0.00 0.00 0.00 0.68
Pedestrian 0.00 0 0.00 496.36 141.02 526.80 218.12 0.00 0.00 0.00 0.00 0.00 0.00 0.00 0.68
Pedestrian 0.00 0 0.00 418.69 143.93 442.03 216.23 0.00 0.00 0.00 0.00 0.00 0.00 0.00 0.67
Pedestrian 0.00 0 0.00 704.31 136.39 762.02 286.17 0.00 0.00 0.00 0.00 0.00 0.00 0.00 0.65
Pedestrian 0.00 0 0.00 437.59 138.92 462.83 203.48 0.00 0.00 0.00 0.00 0.00 0.00 0.00 0.65
Pedestrian 0.00 0 0.00 443.99 148.91 477.61 221.54 0.00 0.00 0.00 0.00 0.00 0.00 0.00 0.63
Pedestrian 0.00 0 0.00 536.66 141.87 561.14 222.08 0.00 0.00 0.00 0.00 0.00 0.00 0.00 0.60
Pedestrian 0.00 0 0.00 633.44 121.80 705.29 283.63 0.00 0.00 0.00 0.00 0.00 0.00 0.00 0.57
Pedestrian 0.00 0 0.00 274.54 139.87 322.07 247.96 0.00 0.00 0.00 0.00 0.00 0.00 0.00 0.54
Pedestrian 0.00 0 0.00 693.37 148.30 744.29 276.72 0.00 0.00 0.00 0.00 0.00 0.00 0.00 0.52
Pedestrian 0.00 0 0.00 575.67 155.13 601.56 218.34 0.00 0.00 0.00 0.00 0.00 0.00 0.00 0.53
Pedestrian 0.00 0 0.00 244.09 145.44 286.98 246.62 0.00 0.00 0.00 0.00 0.00 0.00 0.00 0.52
