Pedestrian 0.00 0 0.00 345.41 156.01 375.40 236.86 0.00 0.00 0.00 0.00 0.00 0.00 0.00 0.63
Pedestrian 0.00 0 0.00 794.98 159.97 822.72 244.82 0.00 0.00 0.00 0.00 0.00 0.00 0.00 0.62
Pedestrian 0.00 0 0.00 646.17 164.04 658.49 192.52 0.00 0.00 0.00 0.00 0.00 0.00 0.00 0.63
Pedestrian 0.00 0 0.00 571.58 163.75 585.54 200.47 0.00 0.00 0.00 0.00 0.00 0.00 0.00 0.58
Pedestrian 0.00 0 0.00 452.45 134.74 484.47 232.34 0.00 0.00 0.00 0.00 0.00 0.00 0.00 0.57
Pedestrian 0.00 0 0.00 578.32 163.44 592.00 200.15 0.00 0.00 0.00 0.00 0.00 0.00 0.00 0.56
Pedestrian 0.00 0 0.00 527.40 173.03 539.77 209.22 0.00 0.00 0.00 0.00 0.00 0.00 0.00 0.56
Pedestrian 0.00 0 0.00 660.87 164.31 671.67 192.97 0.00 0.00 0.00 0.00 0.00 0.00 0.00 0.55
Pedestrian 0.00 0 0.00 986.99 157.44 1073.51 332.52 0.00 0.00 0.00 0.00 0.00 0.00 0.00 0.53
Pedestrian 0.00 0 0.00 511.23 171.49 529.08 219.84 0.00 0.00 0.00 0.00 0.00 0.00 0.00 0.54
Pedestrian 0.00 0 0.00 975.03 140.41 990.13 178.10 0.00 0.00 0.00 0.00 0.00 0.00 0.00 0.51
