Pedestrian 0.00 0 0.00 17.60 167.52 94.89 381.36 0.00 0.00 0.00 0.00 0.00 0.00 0.00 0.68
Pedestrian 0.00 0 0.00 626.30 152.36 663.46 237.10 0.00 0.00 0.00 0.00 0.00 0.00 0.00 0.69
Pedestrian 0.00 0 0.00 610.96 140.76 630.84 194.16 0.00 0.00 0.00 0.00 0.00 0.00 0.00 0.57
Pedestrian 0.00 0 0.00 332.17 160.84 348.82 214.33 0.00 0.00 0.00 0.00 0.00 0.00 0.00 0.56
Pedestrian 0.00 0 0.00 503.10 165.96 533.78 231.14 0.00 0.00 0.00 0.00 0.00 0.00 0.00 0.56
Pedestrian 0.00 0 0.00 424.23 164.37 436.84 196.81 0.00 0.00 0.00 0.00 0.00 0.00 0.00 0.55
Pedestrian 0.00 0 0.00 652.06 138.66 685.43 219.10 0.00 0.00 0.00 0.00 0.00 0.00 0.00 0.54
Pedestrian 0.00 0 0.00 459.80 167.39 482.06 215.86 0.00 0.00 0.00 0.00 0.00 0.00 0.00 0.53
Pedestrian 0.00 0 0.00 76.61 174.50 119.25 308.67 0.00 0.00 0.00 0.00 0.00 0.00 0.00 0.52
Pedestrian 0.00 0 0.00 640.90 143.63 673.21 222.44 0.00 0.00 0.00 0.00 0.00 0.00 0.00 0.52
