Pedestrian 0.00 0 0.00 1062.48 133.50 1196.26 392.31 0.00 0.00 0.00 0.00 0.00 0.00 0.00 0.68
Pedestrian 0.00 0 0.00 861.50 159.93 932.61 362.05 0.00 0.00 0.00 0.00 0.00 0.00 0.00 0.69
Pedestrian 0.00 0 0.00 557.71 177.40 586.31 255.11 0.00 0.00 0.00 0.00 0.00 0.00 0.00 0.68
Pedestrian 0.00 0 0.00 608.46 177.54 638.85 242.80 0.00 0.00 0.00 0.00 0.00 0.00 0.00 0.66
Pedestrian 0.00 0 0.00 680.08 178.70 696.93 224.14 0.00 0.00 0.00 0.00 0.00 0.00 0.00 0.65
Pedestrian 0.00 0 0.00 728.16 173.72 743.30 218.48 0.00 0.00 0.00 0.00 0.00 0.00 0.00 0.64
Pedestrian 0.00 0 0.00 613.07 176.53 651.15 250.85 0.00 0.00 0.00 0.00 0.00 0.00 0.00 0.65
Pedestrian 0.00 0 0.00 16.32 187.58 87.38 379.94 0.00 0.00 0.00 0.00 0.00 0.00 0.00 0.61
Pedestrian 0.00 0 0.00 126.60 183.37 167.41 279.51 0.00 0.00 0.00 0.00 0.00 0.00 0.00 0.59
Pedestrian 0.00 0 0.00 923.70 193.26 965.77 317.17 0.00 0.00 0.00 0.00 0.00 0.00 0.00 0.55
Pedestrian 0.00 0 0.00 811.07 188.85 842.31 271.37 0.00 0.00 0.00 0.00 0.00 0.00 0.00 0.56
