Pedestrian 0.00 0 0.00 846.04 146.27 893.76 273.65 0.00 0.00 0.00 0.00 0.00 0.00 0.00 0.70
Pedestrian 0.00 0 0.00 476.30 143.69 511.46 219.22 0.00 0.00 0.00 0.00 0.00 0.00 0.00 0.70
Pedestrian 0.00 0 0.00 1024.02 132.37 1121.68 342.78 0.00 0.00 0.00 0.00 0.00 0.00 0.00 0.68
Pedestrian 0.00 0 0.00 548.50 149.95 583.20 232.33 0.00 0.00 0.00 0.00 0.00 0.00 0.00 0.67
Pedestrian 0.00 0 0.00 430.03 143.34 457.56 216.53 0.00 0.00 0.00 0.00 0.00 0.00 0.00 0.65
Pedestrian 0.00 0 0.00 639.45 144.47 663.15 197.82 0.00 0.00 0.00 0.00 0.00 0.00 0.00 0.63
Pedestrian 0.00 0 0.00 594.48 140.65 616.51 193.26 0.00 0.00 0.00 0.00 0.00 0.00 0.00 0.60
Pedestrian 0.00 0 0.00 652.53 140.30 670.84 201.13 0.00 0.00 0.00 0.00 0.00 0.00 0.00 0.59
Pedestrian 0.00 0 0.00 463.22 143.50 499.39 215.51 0.00 0.00 0.00 0.00 0.00 0.00 0.00 0.58
Pedestrian 0.00 0 0.00 277.43 142.66 319.11 251.40 0.00 0.00 0.00 0.00 0.00 0.00 0.00 0.56
Pedestrian 0.00 0 0.00 512.69 148.93 548.59 234.23 0.00 0.00 0.00 0.00 0.00 0.00 0.00 0.56
Pedestrian 0.00 0 0.00 357.26 157.44 371.95 195.92 0.00 0.00 0.00 0.00 0.00 0.00 0.00 0.54
Pedestrian 0.00 0 0.00 255.47 134.00 287.43 240.74 0.00 0.00 0.00 0.00 0.00 0.00 0.00 0.54
Pedestrian 0.00 0 0.00 343.43 146.00 357.10 193.28 0.00 0.00 0.00 0.00 0.00 0.00 0.00 0.53
