Pedestrian 0.00 0 0.00 715.80 162.52 750.76 259.51 0.00 0.00 0.00 0.00 0.00 0.00 0.00 0.71
Pedestrian 0.00 0 0.00 419.74 167.28 457.92 265.61 0.00 0.00 0.00 0.00 0.00 0.00 0.00 0.68
Pedestrian 0.00 0 0.00 731.95 163.26 748.66 214.14 0.00 0.00 0.00 0.00 0.00 0.00 0.00 0.66
Pedestrian 0.00 0 0.00 526.16 168.55 539.42 212.96 0.00 0.00 0.00 0.00 0.00 0.00 0.00 0.66
Pedestrian 0.00 0 0.00 675.35 165.88 710.47 258.46 0.00 0.00 0.00 0.00 0.00 0.00 0.00 0.62
Pedestrian 0.00 0 0.00 747.54 161.08 762.15 209.76 0.00 0.00 0.00 0.00 0.00 0.00 0.00 0.57
Pedestrian 0.00 0 0.00 667.05 172.46 678.01 200.17 0.00 0.00 0.00 0.00 0.00 0.00 0.00 0.56
Pedestrian 0.00 0 0.00 314.05 164.20 328.42 205.51 0.00 0.00 0.00 0.00 0.00 0.00 0.00 0.55
Pedestrian 0.00 0 0.00 757.21 164.09 772.51 213.52 0.00 0.00 0.00 0.00 0.00 0.00 0.00 0.55
Pedestrian 0.00 0 0.00 393.63 166.97 420.75 237.21 0.00 0.00 0.00 0.00 0.00 0.00 0.00 0.54
Pedestrian 0.00 0 0.00 216.15 153.05 242.38 227.90 0.00 0.00 0.00 0.00 0.00 0.00 0.00 0.52
