Pedestrian 0.00 0 0.00 705.27 161.60 743.11 274.47 0.00 0.00 0.00 0.00 0.00 0.00 0.00 0.71
Pedestrian 0.00 0 0.00 354.63 166.27 394.05 282.39 0.00 0.00 0.00 0.00 0.00 0.00 0.00 0.69
Pedestrian 0.00 0 0.00 745.69 165.88 761.34 221.09 0.00 0.00 0.00 0.00 0.00 0.00 0.00 0.66
Pedestrian 0.00 0 0.00 481.94 170.08 506.22 219.88 0.00 0.00 0.00 0.00 0.00 0.00 0.00 0.65
Pedestrian 0.00 0 0.00 768.57 153.25 792.63 221.12 0.00 0.00 0.00 0.00 0.00 0.00 0.00 0.64
Pedestrian 0.00 0 0.00 659.49 164.11 697.45 275.95 0.00 0.00 0.00 0.00 0.00 0.00 0.00 0.59
Pedestrian 0.00 0 0.00 223.44 175.36 247.49 259.54 0.00 0.00 0.00 0.00 0.00 0.00 0.00 0.55
Pedestrian 0.00 0 0.00 726.46 159.06 750.80 213.59 0.00 0.00 0.00 0.00 0.00 0.00 0.00 0.55
Pedestrian 0.00 0 0.00 410.80 178.39 422.83 211.30 0.00 0.00 0.00 0.00 0.00 0.00 0.00 0.53
Pedestrian 0.00 0 0.00 425.31 175.46 438.38 208.88 0.00 0.00 0.00 0.00 0.00 0.00 0.00 0.53
