Pedestrian 0.00 0 0.00 524.28 156.12 605.16 325.83 0.00 0.00 0.00 0.00 0.00 0.00 0.00 0.71
Pedestrian 0.00 0 0.00 746.01 166.24 841.25 380.67 0.00 0.00 0.00 0.00 0.00 0.00 0.00 0.69
Pedestrian 0.00 0 0.00 509.66 160.92 547.63 267.72 0.00 0.00 0.00 0.00 0.00 0.00 0.00 0.69
Pedestrian 0.00 0 0.00 696.37 165.11 761.02 326.72 0.00 0.00 0.00 0.00 0.00 0.00 0.00 0.67
Pedestrian 0.00 0 0.00 636.46 163.55 694.14 288.35 0.00 0.00 0.00 0.00 0.00 0.00 0.00 0.66
Pedestrian 0.00 0 0.00 426.92 169.47 472.66 298.07 0.00 0.00 0.00 0.00 0.00 0.00 0.00 0.65
Pedestrian 0.00 0 0.00 553.42 160.80 585.19 256.97 0.00 0.00 0.00 0.00 0.00 0.00 0.00 0.65
Pedestrian 0.00 0 0.00 563.49 170.64 618.28 300.49 0.00 0.00 0.00 0.00 0.00 0.00 0.00 0.56
Pedestrian 0.00 0 0.00 83.55 151.64 119.17 261.49 0.00 0.00 0.00 0.00 0.00 0.00 0.00 0.54
Pedestrian 0.00 0 0.00 654.50 149.29 677.31 207.10 0.00 0.00 0.00 0.00 0.00 0.00 0.00 0.53
Pedestrian 0.00 0 0.00 449.57 174.63 483.79 267.12 0.00 0.00 0.00 0.00 0.00 0.00 0.00 0.54
Pedestrian 0.00 0 0.00 581.30 165.03 594.73 193.30 0.00 0.00 0.00 0.00 0.00 0.00 0.00 0.53
