Pedestrian 0.00 0 0.00 745.02 156.18 800.63 281.95 0.00 0.00 0.00 0.00 0.00 0.00 0.00 0.71
Pedestrian 0.00 0 0.00 391.93 164.71 407.99 215.96 0.00 0.00 0.00 0.00 0.00 0.00 0.00 0.65
Pedestrian 0.00 0 0.00 509.17 172.26 526.38 212.37 0.00 0.00 0.00 0.00 0.00 0.00 0.00 0.61
Pedestrian 0.00 0 0.00 538.65 170.35 548.24 195.72 0.00 0.00 0.00 0.00 0.00 0.00 0.00 0.56
Pedestrian 0.00 0 0.00 532.48 169.51 543.88 199.48 0.00 0.00 0.00 0.00 0.00 0.00 0.00 0.54
Pedestrian 0.00 0 0.00 457.75 166.59 474.92 217.36 0.00 0.00 0.00 0.00 0.00 0.00 0.00 0.54
Pedestrian 0.00 0 0.00 407.51 175.28 425.67 232.58 0.00 0.00 0.00 0.00 0.00 0.00 0.00 0.53
Pedestrian 0.00 0 0.00 7.99 159.47 49.38 318.01 0.00 0.00 0.00 0.00 0.00 0.00 0.00 0.53
Pedestrian 0.00 0 0.00 551.20 172.56 557.30 197.76 0.00 0.00 0.00 0.00 0.00 0.00 0.00 0.53
Pedestrian 0.00 0 0.00 559.99 169.50 566.48 195.17 0.00 0.00 0.00 0.00 0.00 0.00 0.00 0.52
