Pedestrian 0.00 0 0.00 662.88 170.24 683.39 221.65 0.00 0.00 0.00 0.00 0.00 0.00 0.00 0.69
Pedestrian 0.00 0 0.00 1030.71 152.82 1114.89 359.72 0.00 0.00 0.00 0.00 0.00 0.00 0.00 0.67
Pedestrian 0.00 0 0.00 629.47 165.12 642.37 211.51 0.00 0.00 0.00 0.00 0.00 0.00 0.00 0.66
Pedestrian 0.00 0 0.00 512.47 173.29 533.75 228.64 0.00 0.00 0.00 0.00 0.00 0.00 0.00 0.65
Pedestrian 0.00 0 0.00 340.36 165.51 389.38 288.09 0.00 0.00 0.00 0.00 0.00 0.00 0.00 0.65
Pedestrian 0.00 0 0.00 586.38 174.68 599.65 216.98 0.00 0.00 0.00 0.00 0.00 0.00 0.00 0.64
Pedestrian 0.00 0 0.00 572.54 166.60 590.66 216.33 0.00 0.00 0.00 0.00 0.00 0.00 0.00 0.59
Pedestrian 0.00 0 0.00 169.04 115.20 273.93 355.27 0.00 0.00 0.00 0.00 0.00 0.00 0.00 0.55
Pedestrian 0.00 0 0.00 636.75 162.31 646.66 195.21 0.00 0.00 0.00 0.00 0.00 0.00 0.00 0.54
Pedestrian 0.00 0 0.00 315.57 186.84 359.42 282.33 0.00 0.00 0.00 0.00 0.00 0.00 0.00 0.54
Pedestrian 0.00 0 0.00 622.18 164.41 633.21 199.17 0.00 0.00 0.00 0.00 0.00 0.00 0.00 0.53
