Pedestrian 0.00 0 0.00 865.13 167.75 916.00 297.24 0.00 0.00 0.00 0.00 0.00 0.00 0.00 0.69
Pedestrian 0.00 0 0.00 220.71 182.59 264.38 308.75 0.00 0.00 0.00 0.00 0.00 0.00 0.00 0.68
Pedestrian 0.00 0 0.00 455.21 174.35 480.45 249.82 0.00 0.00 0.00 0.00 0.00 0.00 0.00 0.68
Pedestrian 0.00 0 0.00 510.89 179.55 530.78 231.75 0.00 0.00 0.00 0.00 0.00 0.00 0.00 0.67
Pedestrian 0.00 0 0.00 307.74 133.99 335.34 214.22 0.00 0.00 0.00 0.00 0.00 0.00 0.00 0.59
Pedestrian 0.00 0 0.00 13.94 64.28 109.11 405.34 0.00 0.00 0.00 0.00 0.00 0.00 0.00 0.57
Pedestrian 0.00 0 0.00 611.02 174.45 627.59 217.52 0.00 0.00 0.00 0.00 0.00 0.00 0.00 0.56
Pedestrian 0.00 0 0.00 396.09 192.32 419.58 264.06 0.00 0.00 0.00 0.00 0.00 0.00 0.00 0.54
Pedestrian 0.00 0 0.00 475.39 184.42 498.29 235.93 0.00 0.00 0.00 0.00 0.00 0.00 0.00 0.54
Pedestrian 0.00 0 0.00 640.86 174.65 651.26 198.93 0.00 0.00 0.00 0.00 0.00 0.00 0.00 0.53
Pedestrian 0.00 0 0.00 346.78 154.69 408.49 288.11 0.00 0.00 0.00 0.00 0.00 0.00 0.00 0.53
Pedestrian 0.00 0 0.00 574.22 178.74 589.33 218.64 0.00 0.00 0.00 0.00 0.00 0.00 0.00 0.53
Pedestrian 0.00 0 0.00 467.82 152.02 486.11 206.02 0.00 0.00 0.00 0.00 0.00 0.00 0.00 0.52
