Pedestrian 0.00 0 0.00 575.20 163.03 598.06 233.42 0.00 0.00 0.00 0.00 0.00 0.00 0.00 0.69
Pedestrian 0.00 0 0.00 657.63 164.99 674.91 222.44 0.00 0.00 0.00 0.00 0.00 0.00 0.00 0.69
Pedestrian 0.00 0 0.00 868.43 142.66 932.53 379.04 0.00 0.00 0.00 0.00 0.00 0.00 0.00 0.68
Pedestrian 0.00 0 0.00 186.25 202.87 260.79 375.17 0.00 0.00 0.00 0.00 0.00 0.00 0.00 0.66
Pedestrian 0.00 0 0.00 989.17 131.61 1071.34 310.55 0.00 0.00 0.00 0.00 0.00 0.00 0.00 0.65
Pedestrian 0.00 0 0.00 631.99 160.60 650.20 225.74 0.00 0.00 0.00 0.00 0.00 0.00 0.00 0.64
Pedestrian 0.00 0 0.00 619.58 163.71 639.89 226.91 0.00 0.00 0.00 0.00 0.00 0.00 0.00 0.64
Pedestrian 0.00 0 0.00 602.49 160.55 624.84 208.38 0.00 0.00 0.00 0.00 0.00 0.00 0.00 0.62
Pedestrian 0.00 0 0.00 474.61 162.02 485.45 203.31 0.00 0.00 0.00 0.00 0.00 0.00 0.00 0.59
Pedestrian 0.00 0 0.00 433.91 190.91 466.93 277.83 0.00 0.00 0.00 0.00 0.00 0.00 0.00 0.59
Pedestrian 0.00 0 0.00 307.23 206.63 359.69 344.95 0.00 0.00 0.00 0.00 0.00 0.00 0.00 0.58
Pedestrian 0.00 0 0.00 498.18 163.81 529.89 246.10 0.00 0.00 0.00 0.00 0.00 0.00 0.00 0.56
Pedestrian 0.00 0 0.00 534.49 170.23 545.22 200.21 0.00 0.00 0.00 0.00 0.00 0.00 0.00 0.55
Pedestrian 0.00 0 0.00 252.65 202.95 328.83 377.12 0.00 0.00 0.00 0.00 0.00 0.00 0.00 0.54
Pedestrian 0.00 0 0.00 817.28 139.70 854.27 228.57 0.00 0.00 0.00 0.00 0.00 0.00 0.00 0.53
Pedestrian 0.00 0 0.00 676.81 158.48 697.90 213.05 0.00 0.00 0.00 0.00 0.00 0.00 0.00 0.54
Pedestrian 0.00 0 0.00 394.31 177.08 434.53 292.22 0.00 0.00 0.00 0.00 0.00 0.00 0.00 0.54
Pedestrian 0.00 0 0.00 1121.23 122.85 1215.18 296.94 0.00 0.00 0.00 0.00 0.00 0.00 0.00 0.52
Pedestrian 0.00 0 0.00 665.22 163.95 682.20 206.95 0.00 0.00 0.00 0.00 0.00 0.00 0.00 0.53
Pedestrian 0.00 0 0.00 613.10 164.31 623.88 202.94 0.00 0.00 0.00 0.00 0.00 0.00 0.00 0.53
