Pedestrian 0.00 0 0.00 407.29 169.56 425.22 226.94 0.00 0.00 0.00 0.00 0.00 0.00 0.00 0.70
Pedestrian 0.00 0 0.00 550.37 169.31 566.63 220.87 0.00 0.00 0.00 0.00 0.00 0.00 0.00 0.65
Pedestrian 0.00 0 0.00 736.30 152.60 783.10 261.99 0.00 0.00 0.00 0.00 0.00 0.00 0.00 0.65
Pedestrian 0.00 0 0.00 660.83 199.70 723.52 352.66 0.00 0.00 0.00 0.00 0.00 0.00 0.00 0.61
Pedestrian 0.00 0 0.00 645.97 156.40 685.13 275.48 0.00 0.00 0.00 0.00 0.00 0.00 0.00 0.60
Pedestrian 0.00 0 0.00 766.50 136.55 792.56 228.95 0.00 0.00 0.00 0.00 0.00 0.00 0.00 0.54
Pedestrian 0.00 0 0.00 581.93 171.71 617.57 246.75 0.00 0.00 0.00 0.00 0.00 0.00 0.00 0.56
Pedestrian 0.00 0 0.00 63.87 185.67 110.00 343.28 0.00 0.00 0.00 0.00 0.00 0.00 0.00 0.54
Pedestrian 0.00 0 0.00 491.62 173.43 505.33 204.43 0.00 0.00 0.00 0.00 0.00 0.00 0.00 0.54
Pedestrian 0.00 0 0.00 3.45 190.08 20.14 238.81 0.00 0.00 0.00 0.00 0.00 0.00 0.00 0.52
