0.000000 0.800000 0.827586 0.822695
0.025000 0.800000 0.827586 0.822695
0.050000 0.800000 0.827586 0.822695
0.075000 0.800000 0.827586 0.814480
0.100000 0.800000 0.803653 0.808889
0.125000 0.777202 0.803653 0.808889
0.150000 0.777202 0.803653 0.808889
0.175000 0.777202 0.803653 0.805383
0.200000 0.777202 0.803653 0.802139
0.225000 0.777202 0.797945 0.799392
0.250000 0.777202 0.797945 0.795652
0.275000 0.771845 0.793427 0.756158
0.300000 0.771318 0.789866 0.740113
0.325000 0.771318 0.758667 0.718563
0.350000 0.771318 0.738239 0.694192
0.375000 0.766372 0.719053 0.659438
0.400000 0.750397 0.702463 0.643967
0.425000 0.729323 0.674188 0.624915
0.450000 0.707084 0.650453 0.592169
0.475000 0.689394 0.634498 0.565241
0.500000 0.673302 0.618375 0.528926
0.525000 0.653173 0.594577 0.504863
0.550000 0.611490 0.574955 0.463746
0.575000 0.592928 0.539290 0.459273
0.600000 0.572143 0.509205 0.000000
0.625000 0.549730 0.492754 0.000000
0.650000 0.522230 0.450755 0.000000
0.675000 0.487390 0.446359 0.000000
0.700000 0.473150 0.000000 0.000000
0.725000 0.442010 0.000000 0.000000
0.750000 0.402076 0.000000 0.000000
0.775000 0.402076 0.000000 0.000000
0.800000 0.000000 0.000000 0.000000
0.825000 0.000000 0.000000 0.000000
0.850000 0.000000 0.000000 0.000000
0.875000 0.000000 0.000000 0.000000
0.900000 0.000000 0.000000 0.000000
0.925000 0.000000 0.000000 0.000000
0.950000 0.000000 0.000000 0.000000
0.975000 0.000000 0.000000 0.000000
1.000000 0.000000 0.000000 0.000000
