0.000000 0.360455 0.373257 0.374988
0.025000 0.360455 0.373257 0.374988
0.050000 0.360455 0.373257 0.374988
0.075000 0.360455 0.372695 0.371675
0.100000 0.360455 0.371399 0.371675
0.125000 0.350602 0.370768 0.370012
0.150000 0.350602 0.370768 0.370012
0.175000 0.350602 0.370768 0.359300
0.200000 0.350602 0.370768 0.359300
0.225000 0.350602 0.358672 0.349531
0.250000 0.350602 0.356519 0.346540
0.275000 0.342561 0.348080 0.334380
0.300000 0.342561 0.345074 0.326548
0.325000 0.342561 0.330878 0.322436
0.350000 0.341333 0.325471 0.311972
0.375000 0.332624 0.322099 0.297448
0.400000 0.323911 0.315071 0.290295
0.425000 0.316727 0.302189 0.281842
0.450000 0.309856 0.293047 0.266505
0.475000 0.305519 0.286302 0.254697
0.500000 0.300893 0.279212 0.237830
0.525000 0.290965 0.267811 0.226887
0.550000 0.273631 0.259706 0.208550
0.575000 0.266267 0.243749 0.206631
0.600000 0.258460 0.230239 0.000000
0.625000 0.248358 0.222527 0.000000
0.650000 0.237106 0.204191 0.000000
0.675000 0.221732 0.202287 0.000000
0.700000 0.215542 0.000000 0.000000
0.725000 0.201836 0.000000 0.000000
0.750000 0.184076 0.000000 0.000000
0.775000 0.184076 0.000000 0.000000
0.800000 0.000000 0.000000 0.000000
0.825000 0.000000 0.000000 0.000000
0.850000 0.000000 0.000000 0.000000
0.875000 0.000000 0.000000 0.000000
0.900000 0.000000 0.000000 0.000000
0.925000 0.000000 0.000000 0.000000
0.950000 0.000000 0.000000 0.000000
0.975000 0.000000 0.000000 0.000000
1.000000 0.000000 0.000000 0.000000
