Pedestrian 0.00 0 0.00 679.11 161.29 708.29 234.65 0.00 0.00 0.00 0.00 0.00 0.00 0.00 0.82
Pedestrian 0.00 0 0.00 446.96 161.92 475.68 236.95 0.00 0.00 0.00 0.00 0.00 0.00 0.00 0.77
Pedestrian 0.00 0 0.00 715.88 162.25 735.64 207.01 0.00 0.00 0.00 0.00 0.00 0.00 0.00 0.56
Pedestrian 0.00 0 0.00 228.91 166.98 287.09 298.10 0.00 0.00 0.00 0.00 0.00 0.00 0.00 0.55
Pedestrian 0.00 0 0.00 728.90 164.22 742.06 205.13 0.00 0.00 0.00 0.00 0.00 0.00 0.00 0.52
Pedestrian 0.00 0 0.00 531.76 167.08 550.06 206.32 0.00 0.00 0.00 0.00 0.00 0.00 0.00 0.47
Pedestrian 0.00 0 0.00 382.61 164.33 412.05 217.33 0.00 0.00 0.00 0.00 0.00 0.00 0.00 0.32
Pedestrian 0.00 0 0.00 201.50 155.75 229.70 213.88 0.00 0.00 0.00 0.00 0.00 0.00 0.00 0.31
Pedestrian 0.00 0 0.00 0.00 152.74 42.13 231.12 0.00 0.00 0.00 0.00 0.00 0.00 0.00 0.31
Pedestrian 0.00 0 0.00 427.77 148.63 466.32 203.28 0.00 0.00 0.00 0.00 0.00 0.00 0.00 0.27
