Pedestrian 0.00 0 0.00 987.56 145.01 1108.87 327.34 0.00 0.00 0.00 0.00 0.00 0.00 0.00 0.81
Pedestrian 0.00 0 0.00 685.43 169.01 708.64 222.59 0.00 0.00 0.00 0.00 0.00 0.00 0.00 0.66
Pedestrian 0.00 0 0.00 537.00 167.63 560.78 222.87 0.00 0.00 0.00 0.00 0.00 0.00 0.00 0.66
Pedestrian 0.00 0 0.00 1106.09 128.67 1155.30 239.21 0.00 0.00 0.00 0.00 0.00 0.00 0.00 0.62
Pedestrian 0.00 0 0.00 728.47 160.65 773.61 259.12 0.00 0.00 0.00 0.00 0.00 0.00 0.00 0.50
Pedestrian 0.00 0 0.00 848.37 145.85 938.55 337.88 0.00 0.00 0.00 0.00 0.00 0.00 0.00 0.46
Pedestrian 0.00 0 0.00 961.32 133.84 1025.95 261.32 0.00 0.00 0.00 0.00 0.00 0.00 0.00 0.39
Pedestrian 0.00 0 0.00 7.04 187.05 55.91 254.63 0.00 0.00 0.00 0.00 0.00 0.00 0.00 0.33
Pedestrian 0.00 0 0.00 922.31 179.85 982.14 285.14 0.00 0.00 0.00 0.00 0.00 0.00 0.00 0.29
Pedestrian 0.00 0 0.00 813.85 147.88 837.48 200.39 0.00 0.00 0.00 0.00 0.00 0.00 0.00 0.25
