Pedestrian 0.00 0 0.00 766.78 153.71 815.93 262.01 0.00 0.00 0.00 0.00 0.00 0.00 0.00 0.84
Pedestrian 0.00 0 0.00 493.73 166.41 512.35 214.99 0.00 0.00 0.00 0.00 0.00 0.00 0.00 0.54
Pedestrian 0.00 0 0.00 235.16 111.15 328.24 275.65 0.00 0.00 0.00 0.00 0.00 0.00 0.00 0.52
Pedestrian 0.00 0 0.00 523.82 162.34 543.31 203.71 0.00 0.00 0.00 0.00 0.00 0.00 0.00 0.51
Pedestrian 0.00 0 0.00 589.99 163.71 601.94 195.11 0.00 0.00 0.00 0.00 0.00 0.00 0.00 0.51
Pedestrian 0.00 0 0.00 431.03 170.15 460.21 229.38 0.00 0.00 0.00 0.00 0.00 0.00 0.00 0.47
Pedestrian 0.00 0 0.00 606.18 165.57 620.18 196.53 0.00 0.00 0.00 0.00 0.00 0.00 0.00 0.43
Pedestrian 0.00 0 0.00 446.51 174.15 467.45 215.61 0.00 0.00 0.00 0.00 0.00 0.00 0.00 0.43
Pedestrian 0.00 0 0.00 101.91 135.69 167.01 260.14 0.00 0.00 0.00 0.00 0.00 0.00 0.00 0.41
Pedestrian 0.00 0 0.00 554.28 163.04 566.10 194.03 0.00 0.00 0.00 0.00 0.00 0.00 0.00 0.37
Pedestrian 0.00 0 0.00 1149.96 143.48 1238.00 374.00 0.00 0.00 0.00 0.00 0.00 0.00 0.00 0.36
Pedestrian 0.00 0 0.00 593.35 162.92 609.06 194.14 0.00 0.00 0.00 0.00 0.00 0.00 0.00 0.36
Pedestrian 0.00 0 0.00 18.01 139.65 94.15 272.75 0.00 0.00 0.00 0.00 0.00 0.00 0.00 0.35
Pedestrian 0.00 0 0.00 536.50 170.89 548.76 203.06 0.00 0.00 0.00 0.00 0.00 0.00 0.00 0.31
Pedestrian 0.00 0 0.00 564.37 166.39 571.87 191.16 0.00 0.00 0.00 0.00 0.00 0.00 0.00 0.28
Pedestrian 0.00 0 0.00 421.89 174.47 444.35 220.93 0.00 0.00 0.00 0.00 0.00 0.00 0.00 0.27
