Pedestrian 0.00 0 0.00 895.13 127.05 1013.80 312.47 0.00 0.00 0.00 0.00 0.00 0.00 0.00 0.83
Pedestrian 0.00 0 0.00 741.67 153.30 834.88 337.74 0.00 0.00 0.00 0.00 0.00 0.00 0.00 0.81
Pedestrian 0.00 0 0.00 524.21 147.57 565.69 210.83 0.00 0.00 0.00 0.00 0.00 0.00 0.00 0.75
Pedestrian 0.00 0 0.00 620.69 146.70 706.07 340.72 0.00 0.00 0.00 0.00 0.00 0.00 0.00 0.69
Pedestrian 0.00 0 0.00 760.04 143.06 944.08 370.00 0.00 0.00 0.00 0.00 0.00 0.00 0.00 0.58
Pedestrian 0.00 0 0.00 631.67 140.75 664.74 200.27 0.00 0.00 0.00 0.00 0.00 0.00 0.00 0.51
Pedestrian 0.00 0 0.00 547.96 142.00 570.72 188.19 0.00 0.00 0.00 0.00 0.00 0.00 0.00 0.45
Pedestrian 0.00 0 0.00 479.34 151.67 499.82 189.93 0.00 0.00 0.00 0.00 0.00 0.00 0.00 0.33
Pedestrian 0.00 0 0.00 804.44 131.65 904.93 314.96 0.00 0.00 0.00 0.00 0.00 0.00 0.00 0.31
Pedestrian 0.00 0 0.00 508.76 143.91 549.61 209.07 0.00 0.00 0.00 0.00 0.00 0.00 0.00 0.28
