Pedestrian 0.00 0 0.00 350.93 165.35 375.89 222.23 0.00 0.00 0.00 0.00 0.00 0.00 0.00 0.81
Pedestrian 0.00 0 0.00 631.73 158.89 666.03 235.47 0.00 0.00 0.00 0.00 0.00 0.00 0.00 0.80
Pedestrian 0.00 0 0.00 75.23 147.45 175.39 312.14 0.00 0.00 0.00 0.00 0.00 0.00 0.00 0.62
Pedestrian 0.00 0 0.00 84.32 159.64 203.09 373.57 0.00 0.00 0.00 0.00 0.00 0.00 0.00 0.60
Pedestrian 0.00 0 0.00 0.00 160.84 80.10 352.14 0.00 0.00 0.00 0.00 0.00 0.00 0.00 0.55
Pedestrian 0.00 0 0.00 576.83 189.89 630.45 297.97 0.00 0.00 0.00 0.00 0.00 0.00 0.00 0.44
Pedestrian 0.00 0 0.00 481.18 162.63 509.57 208.45 0.00 0.00 0.00 0.00 0.00 0.00 0.00 0.43
Pedestrian 0.00 0 0.00 719.40 171.56 759.79 255.45 0.00 0.00 0.00 0.00 0.00 0.00 0.00 0.41
Pedestrian 0.00 0 0.00 437.46 169.40 454.88 199.40 0.00 0.00 0.00 0.00 0.00 0.00 0.00 0.35
Pedestrian 0.00 0 0.00 0.00 151.91 27.94 219.66 0.00 0.00 0.00 0.00 0.00 0.00 0.00 0.34
Pedestrian 0.00 0 0.00 10.87 162.65 76.64 304.10 0.00 0.00 0.00 0.00 0.00 0.00 0.00 0.32
Pedestrian 0.00 0 0.00 528.23 175.94 563.06 237.99 0.00 0.00 0.00 0.00 0.00 0.00 0.00 0.32
Pedestrian 0.00 0 0.00 563.22 149.78 606.74 242.21 0.00 0.00 0.00 0.00 0.00 0.00 0.00 0.30
Pedestrian 0.00 0 0.00 660.11 144.38 697.14 219.00 0.00 0.00 0.00 0.00 0.00 0.00 0.00 0.25
