Pedestrian 0.00 0 0.00 160.70 159.52 281.27 333.78 0.00 0.00 0.00 0.00 0.00 0.00 0.00 0.88
Pedestrian 0.00 0 0.00 761.90 163.63 796.36 244.73 0.00 0.00 0.00 0.00 0.00 0.00 0.00 0.84
Pedestrian 0.00 0 0.00 733.10 165.55 766.17 233.85 0.00 0.00 0.00 0.00 0.00 0.00 0.00 0.65
Pedestrian 0.00 0 0.00 662.05 169.97 697.75 232.75 0.00 0.00 0.00 0.00 0.00 0.00 0.00 0.58
Pedestrian 0.00 0 0.00 661.40 162.10 746.20 323.63 0.00 0.00 0.00 0.00 0.00 0.00 0.00 0.57
Pedestrian 0.00 0 0.00 816.92 143.22 866.38 249.79 0.00 0.00 0.00 0.00 0.00 0.00 0.00 0.42
Pedestrian 0.00 0 0.00 530.66 175.14 545.93 202.86 0.00 0.00 0.00 0.00 0.00 0.00 0.00 0.40
Pedestrian 0.00 0 0.00 839.83 133.18 871.05 224.06 0.00 0.00 0.00 0.00 0.00 0.00 0.00 0.40
Pedestrian 0.00 0 0.00 700.11 177.44 735.55 247.85 0.00 0.00 0.00 0.00 0.00 0.00 0.00 0.39
Pedestrian 0.00 0 0.00 899.04 144.60 1001.88 280.57 0.00 0.00 0.00 0.00 0.00 0.00 0.00 0.38
Pedestrian 0.00 0 0.00 415.30 171.08 441.29 230.23 0.00 0.00 0.00 0.00 0.00 0.00 0.00 0.37
Pedestrian 0.00 0 0.00 545.14 182.44 557.38 210.29 0.00 0.00 0.00 0.00 0.00 0.00 0.00 0.33
Pedestrian 0.00 0 0.00 752.29 165.92 774.48 215.99 0.00 0.00 0.00 0.00 0.00 0.00 0.00 0.30
Pedestrian 0.00 0 0.00 135.80 183.80 189.78 271.03 0.00 0.00 0.00 0.00 0.00 0.00 0.00 0.30
