Pedestrian 0.00 0 0.00 1052.30 139.23 1219.77 374.00 0.00 0.00 0.00 0.00 0.00 0.00 0.00 0.66
Pedestrian 0.00 0 0.00 773.87 152.83 814.61 251.62 0.00 0.00 0.00 0.00 0.00 0.00 0.00 0.63
Pedestrian 0.00 0 0.00 619.87 162.76 636.28 193.64 0.00 0.00 0.00 0.00 0.00 0.00 0.00 0.48
Pedestrian 0.00 0 0.00 324.48 124.76 396.36 258.80 0.00 0.00 0.00 0.00 0.00 0.00 0.00 0.46
Pedestrian 0.00 0 0.00 600.58 162.69 616.54 193.97 0.00 0.00 0.00 0.00 0.00 0.00 0.00 0.46
Pedestrian 0.00 0 0.00 469.10 172.97 490.47 215.46 0.00 0.00 0.00 0.00 0.00 0.00 0.00 0.42
Pedestrian 0.00 0 0.00 201.57 145.60 250.30 247.80 0.00 0.00 0.00 0.00 0.00 0.00 0.00 0.37
Pedestrian 0.00 0 0.00 420.50 151.90 471.69 227.59 0.00 0.00 0.00 0.00 0.00 0.00 0.00 0.36
Pedestrian 0.00 0 0.00 518.76 161.56 541.04 203.00 0.00 0.00 0.00 0.00 0.00 0.00 0.00 0.36
Pedestrian 0.00 0 0.00 608.67 161.33 624.96 191.76 0.00 0.00 0.00 0.00 0.00 0.00 0.00 0.28
