Pedestrian 0.00 0 0.00 146.53 158.76 268.69 366.09 0.00 0.00 0.00 0.00 0.00 0.00 0.00 0.79
Pedestrian 0.00 0 0.00 895.84 144.30 948.91 248.54 0.00 0.00 0.00 0.00 0.00 0.00 0.00 0.77
Pedestrian 0.00 0 0.00 853.78 156.58 946.11 346.69 0.00 0.00 0.00 0.00 0.00 0.00 0.00 0.62
Pedestrian 0.00 0 0.00 95.15 158.14 208.65 328.07 0.00 0.00 0.00 0.00 0.00 0.00 0.00 0.61
Pedestrian 0.00 0 0.00 563.89 169.62 582.44 200.98 0.00 0.00 0.00 0.00 0.00 0.00 0.00 0.60
Pedestrian 0.00 0 0.00 0.00 131.13 84.92 354.71 0.00 0.00 0.00 0.00 0.00 0.00 0.00 0.59
Pedestrian 0.00 0 0.00 481.66 165.87 505.94 214.63 0.00 0.00 0.00 0.00 0.00 0.00 0.00 0.52
Pedestrian 0.00 0 0.00 532.28 178.90 555.34 223.79 0.00 0.00 0.00 0.00 0.00 0.00 0.00 0.38
Pedestrian 0.00 0 0.00 268.83 204.70 389.10 374.00 0.00 0.00 0.00 0.00 0.00 0.00 0.00 0.28
Pedestrian 0.00 0 0.00 621.25 172.99 635.33 196.89 0.00 0.00 0.00 0.00 0.00 0.00 0.00 0.26
