Pedestrian 0.00 0 0.00 561.53 165.93 609.72 253.32 0.00 0.00 0.00 0.00 0.00 0.00 0.00 0.90
Pedestrian 0.00 0 0.00 857.14 142.78 1004.42 370.56 0.00 0.00 0.00 0.00 0.00 0.00 0.00 0.77
Pedestrian 0.00 0 0.00 750.13 164.34 770.49 209.73 0.00 0.00 0.00 0.00 0.00 0.00 0.00 0.76
Pedestrian 0.00 0 0.00 615.28 163.11 645.03 238.46 0.00 0.00 0.00 0.00 0.00 0.00 0.00 0.75
Pedestrian 0.00 0 0.00 696.16 163.16 713.50 205.90 0.00 0.00 0.00 0.00 0.00 0.00 0.00 0.65
Pedestrian 0.00 0 0.00 697.98 170.46 723.99 213.16 0.00 0.00 0.00 0.00 0.00 0.00 0.00 0.60
Pedestrian 0.00 0 0.00 780.96 159.52 851.63 288.71 0.00 0.00 0.00 0.00 0.00 0.00 0.00 0.53
Pedestrian 0.00 0 0.00 605.27 163.33 641.50 233.84 0.00 0.00 0.00 0.00 0.00 0.00 0.00 0.41
Pedestrian 0.00 0 0.00 106.06 179.98 166.64 280.71 0.00 0.00 0.00 0.00 0.00 0.00 0.00 0.40
Pedestrian 0.00 0 0.00 1055.90 217.76 1185.58 374.00 0.00 0.00 0.00 0.00 0.00 0.00 0.00 0.29
Pedestrian 0.00 0 0.00 586.78 168.38 600.47 193.21 0.00 0.00 0.00 0.00 0.00 0.00 0.00 0.27
