Pedestrian 0.00 0 0.00 921.95 158.80 1031.25 319.59 0.00 0.00 0.00 0.00 0.00 0.00 0.00 0.77
Pedestrian 0.00 0 0.00 622.58 180.37 644.56 222.87 0.00 0.00 0.00 0.00 0.00 0.00 0.00 0.76
Pedestrian 0.00 0 0.00 411.31 175.45 452.67 265.75 0.00 0.00 0.00 0.00 0.00 0.00 0.00 0.74
Pedestrian 0.00 0 0.00 0.00 183.28 113.32 368.89 0.00 0.00 0.00 0.00 0.00 0.00 0.00 0.65
Pedestrian 0.00 0 0.00 574.59 182.70 598.63 225.50 0.00 0.00 0.00 0.00 0.00 0.00 0.00 0.60
Pedestrian 0.00 0 0.00 363.63 196.36 407.22 279.34 0.00 0.00 0.00 0.00 0.00 0.00 0.00 0.54
Pedestrian 0.00 0 0.00 678.64 181.16 707.71 228.52 0.00 0.00 0.00 0.00 0.00 0.00 0.00 0.50
Pedestrian 0.00 0 0.00 428.28 177.30 458.90 241.22 0.00 0.00 0.00 0.00 0.00 0.00 0.00 0.48
Pedestrian 0.00 0 0.00 278.81 145.08 385.46 312.79 0.00 0.00 0.00 0.00 0.00 0.00 0.00 0.47
Pedestrian 0.00 0 0.00 589.21 187.25 609.48 225.91 0.00 0.00 0.00 0.00 0.00 0.00 0.00 0.38
Pedestrian 0.00 0 0.00 634.84 181.13 648.62 212.53 0.00 0.00 0.00 0.00 0.00 0.00 0.00 0.37
Pedestrian 0.00 0 0.00 514.75 181.07 542.12 235.56 0.00 0.00 0.00 0.00 0.00 0.00 0.00 0.34
Pedestrian 0.00 0 0.00 809.01 136.78 914.42 326.01 0.00 0.00 0.00 0.00 0.00 0.00 0.00 0.27
