Pedestrian 0.00 0 0.00 331.84 161.13 426.81 331.35 0.00 0.00 0.00 0.00 0.00 0.00 0.00 0.83
Pedestrian 0.00 0 0.00 466.76 151.70 587.36 362.88 0.00 0.00 0.00 0.00 0.00 0.00 0.00 0.72
Pedestrian 0.00 0 0.00 227.96 166.28 323.39 310.09 0.00 0.00 0.00 0.00 0.00 0.00 0.00 0.71
Pedestrian 0.00 0 0.00 418.95 163.60 459.11 257.76 0.00 0.00 0.00 0.00 0.00 0.00 0.00 0.68
Pedestrian 0.00 0 0.00 357.89 171.39 445.32 316.76 0.00 0.00 0.00 0.00 0.00 0.00 0.00 0.50
Pedestrian 0.00 0 0.00 344.22 164.18 379.65 243.06 0.00 0.00 0.00 0.00 0.00 0.00 0.00 0.49
Pedestrian 0.00 0 0.00 643.93 163.15 671.19 215.40 0.00 0.00 0.00 0.00 0.00 0.00 0.00 0.48
Pedestrian 0.00 0 0.00 430.66 164.05 500.78 293.33 0.00 0.00 0.00 0.00 0.00 0.00 0.00 0.42
Pedestrian 0.00 0 0.00 489.26 184.15 579.87 346.56 0.00 0.00 0.00 0.00 0.00 0.00 0.00 0.40
Pedestrian 0.00 0 0.00 278.83 173.46 303.23 219.62 0.00 0.00 0.00 0.00 0.00 0.00 0.00 0.38
Pedestrian 0.00 0 0.00 549.28 168.34 573.59 213.70 0.00 0.00 0.00 0.00 0.00 0.00 0.00 0.33
Pedestrian 0.00 0 0.00 708.48 145.10 745.31 204.32 0.00 0.00 0.00 0.00 0.00 0.00 0.00 0.31
Pedestrian 0.00 0 0.00 261.12 164.82 291.96 257.49 0.00 0.00 0.00 0.00 0.00 0.00 0.00 0.31
Pedestrian 0.00 0 0.00 337.50 178.15 380.17 272.10 0.00 0.00 0.00 0.00 0.00 0.00 0.00 0.30
Pedestrian 0.00 0 0.00 663.15 172.32 691.44 219.95 0.00 0.00 0.00 0.00 0.00 0.00 0.00 0.30
Pedestrian 0.00 0 0.00 670.92 153.03 700.49 207.23 0.00 0.00 0.00 0.00 0.00 0.00 0.00 0.29
Pedestrian 0.00 0 0.00 575.07 170.19 594.22 217.65 0.00 0.00 0.00 0.00 0.00 0.00 0.00 0.28
Pedestrian 0.00 0 0.00 585.01 175.00 612.58 224.46 0.00 0.00 0.00 0.00 0.00 0.00 0.00 0.27
Pedestrian 0.00 0 0.00 437.49 165.75 455.85 212.74 0.00 0.00 0.00 0.00 0.00 0.00 0.00 0.25
