Pedestrian 0.00 0 0.00 440.92 170.40 483.01 256.53 0.00 0.00 0.00 0.00 0.00 0.00 0.00 0.82
Pedestrian 0.00 0 0.00 519.46 183.07 542.80 232.81 0.00 0.00 0.00 0.00 0.00 0.00 0.00 0.76
Pedestrian 0.00 0 0.00 134.50 173.74 229.90 327.31 0.00 0.00 0.00 0.00 0.00 0.00 0.00 0.74
Pedestrian 0.00 0 0.00 895.33 164.09 982.59 312.92 0.00 0.00 0.00 0.00 0.00 0.00 0.00 0.72
Pedestrian 0.00 0 0.00 624.44 175.03 641.49 216.80 0.00 0.00 0.00 0.00 0.00 0.00 0.00 0.61
Pedestrian 0.00 0 0.00 383.16 192.39 428.01 266.39 0.00 0.00 0.00 0.00 0.00 0.00 0.00 0.57
Pedestrian 0.00 0 0.00 573.55 177.96 603.82 220.95 0.00 0.00 0.00 0.00 0.00 0.00 0.00 0.48
Pedestrian 0.00 0 0.00 318.12 152.31 402.38 295.51 0.00 0.00 0.00 0.00 0.00 0.00 0.00 0.37
Pedestrian 0.00 0 0.00 593.97 185.26 610.61 223.97 0.00 0.00 0.00 0.00 0.00 0.00 0.00 0.34
Pedestrian 0.00 0 0.00 694.44 177.46 714.27 224.20 0.00 0.00 0.00 0.00 0.00 0.00 0.00 0.26
