Pedestrian 0.00 0 0.00 587.07 173.65 609.77 235.14 0.00 0.00 0.00 0.00 0.00 0.00 0.00 0.81
Pedestrian 0.00 0 0.00 865.14 160.10 906.42 259.33 0.00 0.00 0.00 0.00 0.00 0.00 0.00 0.77
Pedestrian 0.00 0 0.00 559.72 171.72 580.70 226.33 0.00 0.00 0.00 0.00 0.00 0.00 0.00 0.76
Pedestrian 0.00 0 0.00 424.66 176.77 488.55 306.21 0.00 0.00 0.00 0.00 0.00 0.00 0.00 0.74
Pedestrian 0.00 0 0.00 603.67 172.07 618.13 213.19 0.00 0.00 0.00 0.00 0.00 0.00 0.00 0.56
Pedestrian 0.00 0 0.00 611.61 173.15 630.92 212.29 0.00 0.00 0.00 0.00 0.00 0.00 0.00 0.54
Pedestrian 0.00 0 0.00 770.67 157.53 814.82 239.63 0.00 0.00 0.00 0.00 0.00 0.00 0.00 0.49
Pedestrian 0.00 0 0.00 693.10 160.59 713.25 210.05 0.00 0.00 0.00 0.00 0.00 0.00 0.00 0.47
Pedestrian 0.00 0 0.00 577.24 172.10 591.43 208.11 0.00 0.00 0.00 0.00 0.00 0.00 0.00 0.46
Pedestrian 0.00 0 0.00 763.55 180.65 784.79 228.57 0.00 0.00 0.00 0.00 0.00 0.00 0.00 0.30
Pedestrian 0.00 0 0.00 630.56 172.90 644.14 213.33 0.00 0.00 0.00 0.00 0.00 0.00 0.00 0.30
Pedestrian 0.00 0 0.00 765.69 152.99 807.15 219.38 0.00 0.00 0.00 0.00 0.00 0.00 0.00 0.30
Pedestrian 0.00 0 0.00 641.87 171.87 655.49 193.45 0.00 0.00 0.00 0.00 0.00 0.00 0.00 0.30
Pedestrian 0.00 0 0.00 620.40 172.43 638.26 210.19 0.00 0.00 0.00 0.00 0.00 0.00 0.00 0.29
Pedestrian 0.00 0 0.00 357.72 177.07 409.38 290.66 0.00 0.00 0.00 0.00 0.00 0.00 0.00 0.29
Pedestrian 0.00 0 0.00 161.85 192.33 261.12 334.22 0.00 0.00 0.00 0.00 0.00 0.00 0.00 0.28
Pedestrian 0.00 0 0.00 612.96 166.46 626.59 200.78 0.00 0.00 0.00 0.00 0.00 0.00 0.00 0.25
Pedestrian 0.00 0 0.00 565.53 171.32 590.30 220.86 0.00 0.00 0.00 0.00 0.00 0.00 0.00 0.25
