Pedestrian 0.00 0 0.00 558.21 157.60 601.54 258.03 0.00 0.00 0.00 0.00 0.00 0.00 0.00 0.87
Pedestrian 0.00 0 0.00 890.39 137.89 1037.61 372.26 0.00 0.00 0.00 0.00 0.00 0.00 0.00 0.79
Pedestrian 0.00 0 0.00 806.53 157.44 884.64 297.15 0.00 0.00 0.00 0.00 0.00 0.00 0.00 0.79
Pedestrian 0.00 0 0.00 595.20 160.89 626.53 242.83 0.00 0.00 0.00 0.00 0.00 0.00 0.00 0.77
Pedestrian 0.00 0 0.00 701.81 163.10 724.66 205.92 0.00 0.00 0.00 0.00 0.00 0.00 0.00 0.60
Pedestrian 0.00 0 0.00 598.10 171.97 636.75 248.06 0.00 0.00 0.00 0.00 0.00 0.00 0.00 0.53
Pedestrian 0.00 0 0.00 761.09 159.40 778.10 206.55 0.00 0.00 0.00 0.00 0.00 0.00 0.00 0.50
Pedestrian 0.00 0 0.00 711.92 165.58 731.29 216.24 0.00 0.00 0.00 0.00 0.00 0.00 0.00 0.42
Pedestrian 0.00 0 0.00 615.42 166.31 630.31 191.90 0.00 0.00 0.00 0.00 0.00 0.00 0.00 0.38
Pedestrian 0.00 0 0.00 82.67 135.31 167.50 274.82 0.00 0.00 0.00 0.00 0.00 0.00 0.00 0.36
Pedestrian 0.00 0 0.00 592.31 164.52 604.72 190.85 0.00 0.00 0.00 0.00 0.00 0.00 0.00 0.35
Pedestrian 0.00 0 0.00 584.86 162.18 595.57 189.34 0.00 0.00 0.00 0.00 0.00 0.00 0.00 0.27
