Pedestrian 0.00 0 0.00 394.65 167.45 454.49 273.73 0.00 0.00 0.00 0.00 0.00 0.00 0.00 0.86
Pedestrian 0.00 0 0.00 670.56 167.12 714.03 260.40 0.00 0.00 0.00 0.00 0.00 0.00 0.00 0.81
Pedestrian 0.00 0 0.00 711.75 166.42 760.18 260.87 0.00 0.00 0.00 0.00 0.00 0.00 0.00 0.69
Pedestrian 0.00 0 0.00 507.45 167.58 537.15 214.72 0.00 0.00 0.00 0.00 0.00 0.00 0.00 0.64
Pedestrian 0.00 0 0.00 737.23 164.50 770.04 215.72 0.00 0.00 0.00 0.00 0.00 0.00 0.00 0.52
Pedestrian 0.00 0 0.00 749.61 165.48 780.45 217.34 0.00 0.00 0.00 0.00 0.00 0.00 0.00 0.48
Pedestrian 0.00 0 0.00 657.43 171.57 673.71 200.23 0.00 0.00 0.00 0.00 0.00 0.00 0.00 0.45
Pedestrian 0.00 0 0.00 773.28 154.75 808.65 216.32 0.00 0.00 0.00 0.00 0.00 0.00 0.00 0.42
Pedestrian 0.00 0 0.00 446.39 185.88 460.26 215.60 0.00 0.00 0.00 0.00 0.00 0.00 0.00 0.39
Pedestrian 0.00 0 0.00 283.71 161.07 307.09 201.90 0.00 0.00 0.00 0.00 0.00 0.00 0.00 0.35
Pedestrian 0.00 0 0.00 454.30 176.18 469.56 208.15 0.00 0.00 0.00 0.00 0.00 0.00 0.00 0.33
