Pedestrian 0.00 0 0.00 712.01 162.40 757.26 269.20 0.00 0.00 0.00 0.00 0.00 0.00 0.00 0.95
Pedestrian 0.00 0 0.00 376.00 165.36 424.06 269.08 0.00 0.00 0.00 0.00 0.00 0.00 0.00 0.80
Pedestrian 0.00 0 0.00 497.82 168.91 516.91 218.37 0.00 0.00 0.00 0.00 0.00 0.00 0.00 0.79
Pedestrian 0.00 0 0.00 748.32 167.35 770.50 222.53 0.00 0.00 0.00 0.00 0.00 0.00 0.00 0.78
Pedestrian 0.00 0 0.00 663.33 166.11 702.00 272.21 0.00 0.00 0.00 0.00 0.00 0.00 0.00 0.69
Pedestrian 0.00 0 0.00 773.99 152.49 799.19 215.08 0.00 0.00 0.00 0.00 0.00 0.00 0.00 0.58
Pedestrian 0.00 0 0.00 760.64 150.89 790.22 211.42 0.00 0.00 0.00 0.00 0.00 0.00 0.00 0.54
Pedestrian 0.00 0 0.00 730.96 162.74 761.72 216.48 0.00 0.00 0.00 0.00 0.00 0.00 0.00 0.50
Pedestrian 0.00 0 0.00 707.33 165.19 729.46 218.91 0.00 0.00 0.00 0.00 0.00 0.00 0.00 0.47
Pedestrian 0.00 0 0.00 782.62 148.17 817.45 210.02 0.00 0.00 0.00 0.00 0.00 0.00 0.00 0.46
Pedestrian 0.00 0 0.00 252.71 172.48 307.55 249.36 0.00 0.00 0.00 0.00 0.00 0.00 0.00 0.41
Pedestrian 0.00 0 0.00 644.25 172.75 660.67 202.38 0.00 0.00 0.00 0.00 0.00 0.00 0.00 0.33
