Pedestrian 0.00 0 0.00 795.91 152.32 826.98 231.93 0.00 0.00 0.00 0.00 0.00 0.00 0.00 0.75
Pedestrian 0.00 0 0.00 582.97 159.94 600.16 196.43 0.00 0.00 0.00 0.00 0.00 0.00 0.00 0.56
Pedestrian 0.00 0 0.00 509.47 166.84 528.93 208.73 0.00 0.00 0.00 0.00 0.00 0.00 0.00 0.52
Pedestrian 0.00 0 0.00 594.58 161.32 612.55 198.92 0.00 0.00 0.00 0.00 0.00 0.00 0.00 0.50
Pedestrian 0.00 0 0.00 960.40 162.97 1041.15 307.35 0.00 0.00 0.00 0.00 0.00 0.00 0.00 0.42
Pedestrian 0.00 0 0.00 525.10 169.06 547.67 216.04 0.00 0.00 0.00 0.00 0.00 0.00 0.00 0.41
Pedestrian 0.00 0 0.00 928.99 162.12 977.12 238.72 0.00 0.00 0.00 0.00 0.00 0.00 0.00 0.36
Pedestrian 0.00 0 0.00 376.19 152.95 411.40 229.66 0.00 0.00 0.00 0.00 0.00 0.00 0.00 0.33
Pedestrian 0.00 0 0.00 660.57 160.14 674.20 189.81 0.00 0.00 0.00 0.00 0.00 0.00 0.00 0.29
Pedestrian 0.00 0 0.00 1133.02 147.52 1237.14 313.72 0.00 0.00 0.00 0.00 0.00 0.00 0.00 0.27
