Pedestrian 0.00 0 0.00 804.72 157.76 887.04 312.21 0.00 0.00 0.00 0.00 0.00 0.00 0.00 0.89
Pedestrian 0.00 0 0.00 282.21 166.33 334.41 273.13 0.00 0.00 0.00 0.00 0.00 0.00 0.00 0.88
Pedestrian 0.00 0 0.00 1050.12 142.87 1180.07 306.08 0.00 0.00 0.00 0.00 0.00 0.00 0.00 0.88
Pedestrian 0.00 0 0.00 717.07 174.12 791.70 327.30 0.00 0.00 0.00 0.00 0.00 0.00 0.00 0.82
Pedestrian 0.00 0 0.00 362.68 164.84 398.84 250.10 0.00 0.00 0.00 0.00 0.00 0.00 0.00 0.67
Pedestrian 0.00 0 0.00 998.93 149.03 1098.78 287.24 0.00 0.00 0.00 0.00 0.00 0.00 0.00 0.66
Pedestrian 0.00 0 0.00 620.68 169.96 658.82 242.19 0.00 0.00 0.00 0.00 0.00 0.00 0.00 0.65
Pedestrian 0.00 0 0.00 795.47 162.65 838.29 266.66 0.00 0.00 0.00 0.00 0.00 0.00 0.00 0.57
Pedestrian 0.00 0 0.00 580.50 171.19 599.19 205.59 0.00 0.00 0.00 0.00 0.00 0.00 0.00 0.52
Pedestrian 0.00 0 0.00 227.19 162.72 260.09 223.85 0.00 0.00 0.00 0.00 0.00 0.00 0.00 0.52
Pedestrian 0.00 0 0.00 1109.07 141.76 1197.37 281.83 0.00 0.00 0.00 0.00 0.00 0.00 0.00 0.45
Pedestrian 0.00 0 0.00 578.70 164.21 593.32 197.24 0.00 0.00 0.00 0.00 0.00 0.00 0.00 0.34
Pedestrian 0.00 0 0.00 382.16 166.34 435.80 255.06 0.00 0.00 0.00 0.00 0.00 0.00 0.00 0.32
Pedestrian 0.00 0 0.00 660.32 172.91 678.20 223.52 0.00 0.00 0.00 0.00 0.00 0.00 0.00 0.30
