Pedestrian 0.00 0 0.00 283.98 162.68 346.13 297.35 0.00 0.00 0.00 0.00 0.00 0.00 0.00 0.80
Pedestrian 0.00 0 0.00 820.28 153.27 862.17 231.48 0.00 0.00 0.00 0.00 0.00 0.00 0.00 0.77
Pedestrian 0.00 0 0.00 746.20 158.86 791.20 275.00 0.00 0.00 0.00 0.00 0.00 0.00 0.00 0.74
Pedestrian 0.00 0 0.00 813.22 156.31 932.20 350.20 0.00 0.00 0.00 0.00 0.00 0.00 0.00 0.60
Pedestrian 0.00 0 0.00 259.10 163.01 315.37 273.46 0.00 0.00 0.00 0.00 0.00 0.00 0.00 0.51
Pedestrian 0.00 0 0.00 555.64 170.87 569.83 199.50 0.00 0.00 0.00 0.00 0.00 0.00 0.00 0.49
Pedestrian 0.00 0 0.00 484.84 169.87 504.15 211.00 0.00 0.00 0.00 0.00 0.00 0.00 0.00 0.43
Pedestrian 0.00 0 0.00 384.71 191.40 445.55 305.64 0.00 0.00 0.00 0.00 0.00 0.00 0.00 0.38
Pedestrian 0.00 0 0.00 0.00 85.58 140.81 374.00 0.00 0.00 0.00 0.00 0.00 0.00 0.00 0.34
Pedestrian 0.00 0 0.00 196.18 156.52 275.90 287.21 0.00 0.00 0.00 0.00 0.00 0.00 0.00 0.27
