Pedestrian 0.00 0 0.00 611.53 173.11 654.89 240.26 0.00 0.00 0.00 0.00 0.00 0.00 0.00 0.64
Pedestrian 0.00 0 0.00 195.76 190.54 268.63 316.84 0.00 0.00 0.00 0.00 0.00 0.00 0.00 0.61
Pedestrian 0.00 0 0.00 664.48 167.42 677.27 203.64 0.00 0.00 0.00 0.00 0.00 0.00 0.00 0.57
Pedestrian 0.00 0 0.00 498.24 172.67 525.57 239.34 0.00 0.00 0.00 0.00 0.00 0.00 0.00 0.56
Pedestrian 0.00 0 0.00 613.93 162.19 627.90 202.64 0.00 0.00 0.00 0.00 0.00 0.00 0.00 0.56
Pedestrian 0.00 0 0.00 642.96 166.10 659.61 203.64 0.00 0.00 0.00 0.00 0.00 0.00 0.00 0.54
Pedestrian 0.00 0 0.00 571.23 179.63 590.38 227.70 0.00 0.00 0.00 0.00 0.00 0.00 0.00 0.49
Pedestrian 0.00 0 0.00 623.90 161.82 643.49 209.13 0.00 0.00 0.00 0.00 0.00 0.00 0.00 0.47
Pedestrian 0.00 0 0.00 552.44 169.67 582.38 226.47 0.00 0.00 0.00 0.00 0.00 0.00 0.00 0.44
Pedestrian 0.00 0 0.00 72.60 164.94 170.62 374.00 0.00 0.00 0.00 0.00 0.00 0.00 0.00 0.40
Pedestrian 0.00 0 0.00 650.06 166.38 666.17 201.61 0.00 0.00 0.00 0.00 0.00 0.00 0.00 0.40
Pedestrian 0.00 0 0.00 324.24 160.23 367.98 258.05 0.00 0.00 0.00 0.00 0.00 0.00 0.00 0.39
Pedestrian 0.00 0 0.00 712.88 161.15 726.95 197.78 0.00 0.00 0.00 0.00 0.00 0.00 0.00 0.29
