Pedestrian 0.00 0 0.00 1078.73 139.49 1238.00 374.00 0.00 0.00 0.00 0.00 0.00 0.00 0.00 0.78
Pedestrian 0.00 0 0.00 626.07 165.81 645.97 214.97 0.00 0.00 0.00 0.00 0.00 0.00 0.00 0.75
Pedestrian 0.00 0 0.00 272.23 160.65 347.20 300.87 0.00 0.00 0.00 0.00 0.00 0.00 0.00 0.73
Pedestrian 0.00 0 0.00 644.01 170.01 678.79 229.81 0.00 0.00 0.00 0.00 0.00 0.00 0.00 0.70
Pedestrian 0.00 0 0.00 564.04 166.81 586.62 221.21 0.00 0.00 0.00 0.00 0.00 0.00 0.00 0.59
Pedestrian 0.00 0 0.00 507.76 174.22 534.88 236.64 0.00 0.00 0.00 0.00 0.00 0.00 0.00 0.41
Pedestrian 0.00 0 0.00 617.52 162.42 634.56 198.53 0.00 0.00 0.00 0.00 0.00 0.00 0.00 0.33
Pedestrian 0.00 0 0.00 578.75 171.70 601.62 218.36 0.00 0.00 0.00 0.00 0.00 0.00 0.00 0.32
Pedestrian 0.00 0 0.00 640.40 165.27 657.95 197.07 0.00 0.00 0.00 0.00 0.00 0.00 0.00 0.28
Pedestrian 0.00 0 0.00 716.53 161.76 735.29 195.33 0.00 0.00 0.00 0.00 0.00 0.00 0.00 0.26
