Pedestrian 0.00 0 0.00 591.83 164.33 679.02 318.57 0.00 0.00 0.00 0.00 0.00 0.00 0.00 0.75
Pedestrian 0.00 0 0.00 739.82 166.05 771.68 239.63 0.00 0.00 0.00 0.00 0.00 0.00 0.00 0.69
Pedestrian 0.00 0 0.00 181.85 154.84 274.31 321.64 0.00 0.00 0.00 0.00 0.00 0.00 0.00 0.68
Pedestrian 0.00 0 0.00 785.20 139.06 832.46 235.81 0.00 0.00 0.00 0.00 0.00 0.00 0.00 0.68
Pedestrian 0.00 0 0.00 646.84 168.51 680.13 232.80 0.00 0.00 0.00 0.00 0.00 0.00 0.00 0.61
Pedestrian 0.00 0 0.00 725.25 171.00 752.36 231.21 0.00 0.00 0.00 0.00 0.00 0.00 0.00 0.54
Pedestrian 0.00 0 0.00 656.34 164.35 737.94 317.12 0.00 0.00 0.00 0.00 0.00 0.00 0.00 0.54
Pedestrian 0.00 0 0.00 595.67 173.38 614.40 208.12 0.00 0.00 0.00 0.00 0.00 0.00 0.00 0.49
Pedestrian 0.00 0 0.00 757.55 160.66 780.56 207.16 0.00 0.00 0.00 0.00 0.00 0.00 0.00 0.42
Pedestrian 0.00 0 0.00 735.33 164.79 756.77 211.58 0.00 0.00 0.00 0.00 0.00 0.00 0.00 0.39
Pedestrian 0.00 0 0.00 717.99 164.18 747.05 224.71 0.00 0.00 0.00 0.00 0.00 0.00 0.00 0.38
Pedestrian 0.00 0 0.00 773.52 143.34 812.53 236.52 0.00 0.00 0.00 0.00 0.00 0.00 0.00 0.38
Pedestrian 0.00 0 0.00 713.45 162.72 732.36 206.65 0.00 0.00 0.00 0.00 0.00 0.00 0.00 0.37
Pedestrian 0.00 0 0.00 805.63 138.73 841.40 224.87 0.00 0.00 0.00 0.00 0.00 0.00 0.00 0.34
Pedestrian 0.00 0 0.00 0.00 182.12 176.66 374.00 0.00 0.00 0.00 0.00 0.00 0.00 0.00 0.29
