Pedestrian 0.00 0 0.00 499.28 168.98 524.03 232.12 0.00 0.00 0.00 0.00 0.00 0.00 0.00 0.84
Pedestrian 0.00 0 0.00 656.38 172.04 679.70 230.57 0.00 0.00 0.00 0.00 0.00 0.00 0.00 0.71
Pedestrian 0.00 0 0.00 568.93 173.50 589.64 205.00 0.00 0.00 0.00 0.00 0.00 0.00 0.00 0.50
Pedestrian 0.00 0 0.00 676.78 171.50 707.21 231.57 0.00 0.00 0.00 0.00 0.00 0.00 0.00 0.49
Pedestrian 0.00 0 0.00 825.84 194.78 905.72 374.00 0.00 0.00 0.00 0.00 0.00 0.00 0.00 0.43
Pedestrian 0.00 0 0.00 585.29 173.21 605.05 201.28 0.00 0.00 0.00 0.00 0.00 0.00 0.00 0.39
Pedestrian 0.00 0 0.00 0.00 195.98 30.89 266.23 0.00 0.00 0.00 0.00 0.00 0.00 0.00 0.38
Pedestrian 0.00 0 0.00 799.48 149.50 821.35 199.73 0.00 0.00 0.00 0.00 0.00 0.00 0.00 0.33
Pedestrian 0.00 0 0.00 780.77 155.85 813.17 205.83 0.00 0.00 0.00 0.00 0.00 0.00 0.00 0.30
Pedestrian 0.00 0 0.00 1100.05 161.62 1235.12 343.92 0.00 0.00 0.00 0.00 0.00 0.00 0.00 0.29
Pedestrian 0.00 0 0.00 483.08 160.60 500.81 197.20 0.00 0.00 0.00 0.00 0.00 0.00 0.00 0.28
