Pedestrian 0.00 0 0.00 985.85 139.20 1120.20 360.79 0.00 0.00 0.00 0.00 0.00 0.00 0.00 0.91
Pedestrian 0.00 0 0.00 597.61 163.09 694.12 303.54 0.00 0.00 0.00 0.00 0.00 0.00 0.00 0.84
Pedestrian 0.00 0 0.00 918.62 99.30 1035.47 338.46 0.00 0.00 0.00 0.00 0.00 0.00 0.00 0.81
Pedestrian 0.00 0 0.00 512.14 167.27 532.51 220.92 0.00 0.00 0.00 0.00 0.00 0.00 0.00 0.79
Pedestrian 0.00 0 0.00 274.54 147.63 386.75 344.92 0.00 0.00 0.00 0.00 0.00 0.00 0.00 0.79
Pedestrian 0.00 0 0.00 548.72 167.14 571.06 224.11 0.00 0.00 0.00 0.00 0.00 0.00 0.00 0.73
Pedestrian 0.00 0 0.00 464.94 168.89 490.09 224.26 0.00 0.00 0.00 0.00 0.00 0.00 0.00 0.64
Pedestrian 0.00 0 0.00 717.73 149.25 757.97 213.08 0.00 0.00 0.00 0.00 0.00 0.00 0.00 0.60
Pedestrian 0.00 0 0.00 585.32 169.45 609.01 225.60 0.00 0.00 0.00 0.00 0.00 0.00 0.00 0.54
Pedestrian 0.00 0 0.00 346.38 194.16 422.97 324.27 0.00 0.00 0.00 0.00 0.00 0.00 0.00 0.49
Pedestrian 0.00 0 0.00 569.18 163.75 589.27 208.88 0.00 0.00 0.00 0.00 0.00 0.00 0.00 0.49
Pedestrian 0.00 0 0.00 1111.70 78.21 1238.00 331.38 0.00 0.00 0.00 0.00 0.00 0.00 0.00 0.45
Pedestrian 0.00 0 0.00 572.67 169.06 601.06 225.31 0.00 0.00 0.00 0.00 0.00 0.00 0.00 0.43
Pedestrian 0.00 0 0.00 656.98 164.10 682.07 214.64 0.00 0.00 0.00 0.00 0.00 0.00 0.00 0.37
Pedestrian 0.00 0 0.00 837.27 157.29 900.00 252.55 0.00 0.00 0.00 0.00 0.00 0.00 0.00 0.35
Pedestrian 0.00 0 0.00 595.54 172.41 622.16 227.96 0.00 0.00 0.00 0.00 0.00 0.00 0.00 0.34
Pedestrian 0.00 0 0.00 622.32 165.13 643.75 207.58 0.00 0.00 0.00 0.00 0.00 0.00 0.00 0.32
Pedestrian 0.00 0 0.00 1025.91 122.97 1077.42 218.30 0.00 0.00 0.00 0.00 0.00 0.00 0.00 0.31
Pedestrian 0.00 0 0.00 184.13 171.38 273.71 317.11 0.00 0.00 0.00 0.00 0.00 0.00 0.00 0.30
