Pedestrian 0.00 0 0.00 703.06 163.47 746.69 253.95 0.00 0.00 0.00 0.00 0.00 0.00 0.00 0.83
Pedestrian 0.00 0 0.00 426.71 165.98 463.31 251.90 0.00 0.00 0.00 0.00 0.00 0.00 0.00 0.82
Pedestrian 0.00 0 0.00 665.07 170.49 703.94 256.30 0.00 0.00 0.00 0.00 0.00 0.00 0.00 0.60
Pedestrian 0.00 0 0.00 727.92 162.46 748.46 213.77 0.00 0.00 0.00 0.00 0.00 0.00 0.00 0.60
Pedestrian 0.00 0 0.00 735.21 162.19 762.15 209.37 0.00 0.00 0.00 0.00 0.00 0.00 0.00 0.52
Pedestrian 0.00 0 0.00 525.03 169.40 544.00 212.39 0.00 0.00 0.00 0.00 0.00 0.00 0.00 0.47
Pedestrian 0.00 0 0.00 747.96 163.79 768.15 212.67 0.00 0.00 0.00 0.00 0.00 0.00 0.00 0.43
Pedestrian 0.00 0 0.00 399.80 158.24 438.46 223.09 0.00 0.00 0.00 0.00 0.00 0.00 0.00 0.38
Pedestrian 0.00 0 0.00 123.87 151.82 152.12 213.50 0.00 0.00 0.00 0.00 0.00 0.00 0.00 0.36
Pedestrian 0.00 0 0.00 325.51 163.91 343.16 203.20 0.00 0.00 0.00 0.00 0.00 0.00 0.00 0.35
Pedestrian 0.00 0 0.00 640.76 173.91 650.51 194.35 0.00 0.00 0.00 0.00 0.00 0.00 0.00 0.35
Pedestrian 0.00 0 0.00 775.88 147.60 804.48 201.33 0.00 0.00 0.00 0.00 0.00 0.00 0.00 0.33
Pedestrian 0.00 0 0.00 0.00 148.02 102.42 374.00 0.00 0.00 0.00 0.00 0.00 0.00 0.00 0.29
