Pedestrian 0.00 0 0.00 745.76 159.16 798.19 299.09 0.00 0.00 0.00 0.00 0.00 0.00 0.00 0.87
Pedestrian 0.00 0 0.00 561.17 164.87 589.91 243.45 0.00 0.00 0.00 0.00 0.00 0.00 0.00 0.79
Pedestrian 0.00 0 0.00 534.23 163.20 580.89 252.90 0.00 0.00 0.00 0.00 0.00 0.00 0.00 0.75
Pedestrian 0.00 0 0.00 619.98 163.09 672.81 253.24 0.00 0.00 0.00 0.00 0.00 0.00 0.00 0.69
Pedestrian 0.00 0 0.00 598.14 161.04 639.09 236.44 0.00 0.00 0.00 0.00 0.00 0.00 0.00 0.60
Pedestrian 0.00 0 0.00 641.53 142.68 761.99 321.87 0.00 0.00 0.00 0.00 0.00 0.00 0.00 0.57
Pedestrian 0.00 0 0.00 1137.76 131.40 1238.00 309.82 0.00 0.00 0.00 0.00 0.00 0.00 0.00 0.56
Pedestrian 0.00 0 0.00 578.44 165.41 598.95 202.90 0.00 0.00 0.00 0.00 0.00 0.00 0.00 0.49
Pedestrian 0.00 0 0.00 336.03 164.66 366.31 236.07 0.00 0.00 0.00 0.00 0.00 0.00 0.00 0.42
Pedestrian 0.00 0 0.00 624.81 156.49 652.85 208.90 0.00 0.00 0.00 0.00 0.00 0.00 0.00 0.33
Pedestrian 0.00 0 0.00 367.35 163.48 394.73 218.53 0.00 0.00 0.00 0.00 0.00 0.00 0.00 0.30
Pedestrian 0.00 0 0.00 972.04 153.34 1016.63 238.13 0.00 0.00 0.00 0.00 0.00 0.00 0.00 0.30
