Pedestrian 0.00 0 0.00 535.82 139.68 597.24 273.07 0.00 0.00 0.00 0.00 0.00 0.00 0.00 0.83
Pedestrian 0.00 0 0.00 320.03 154.85 428.78 370.00 0.00 0.00 0.00 0.00 0.00 0.00 0.00 0.77
Pedestrian 0.00 0 0.00 635.43 139.85 661.24 197.91 0.00 0.00 0.00 0.00 0.00 0.00 0.00 0.71
Pedestrian 0.00 0 0.00 901.31 147.06 1030.12 364.62 0.00 0.00 0.00 0.00 0.00 0.00 0.00 0.71
Pedestrian 0.00 0 0.00 229.27 129.28 297.28 239.26 0.00 0.00 0.00 0.00 0.00 0.00 0.00 0.67
Pedestrian 0.00 0 0.00 747.10 131.07 811.11 254.58 0.00 0.00 0.00 0.00 0.00 0.00 0.00 0.63
Pedestrian 0.00 0 0.00 627.32 105.59 790.22 370.00 0.00 0.00 0.00 0.00 0.00 0.00 0.00 0.51
Pedestrian 0.00 0 0.00 1048.63 76.09 1224.00 370.00 0.00 0.00 0.00 0.00 0.00 0.00 0.00 0.32
Pedestrian 0.00 0 0.00 292.42 136.54 356.72 232.49 0.00 0.00 0.00 0.00 0.00 0.00 0.00 0.28
Pedestrian 0.00 0 0.00 89.72 154.73 130.46 225.37 0.00 0.00 0.00 0.00 0.00 0.00 0.00 0.26
