Pedestrian 0.00 0 0.00 520.34 146.03 580.28 263.21 0.00 0.00 0.00 0.00 0.00 0.00 0.00 0.86
Pedestrian 0.00 0 0.00 708.85 133.14 770.97 246.77 0.00 0.00 0.00 0.00 0.00 0.00 0.00 0.80
Pedestrian 0.00 0 0.00 815.06 145.43 919.78 333.14 0.00 0.00 0.00 0.00 0.00 0.00 0.00 0.68
Pedestrian 0.00 0 0.00 242.74 156.80 354.66 338.41 0.00 0.00 0.00 0.00 0.00 0.00 0.00 0.61
Pedestrian 0.00 0 0.00 243.01 132.42 299.07 244.52 0.00 0.00 0.00 0.00 0.00 0.00 0.00 0.53
Pedestrian 0.00 0 0.00 864.59 145.60 1012.99 370.00 0.00 0.00 0.00 0.00 0.00 0.00 0.00 0.52
Pedestrian 0.00 0 0.00 979.53 133.84 1158.09 370.00 0.00 0.00 0.00 0.00 0.00 0.00 0.00 0.49
Pedestrian 0.00 0 0.00 639.30 139.02 667.76 196.48 0.00 0.00 0.00 0.00 0.00 0.00 0.00 0.48
Pedestrian 0.00 0 0.00 664.66 144.36 781.08 343.64 0.00 0.00 0.00 0.00 0.00 0.00 0.00 0.47
Pedestrian 0.00 0 0.00 573.63 129.06 676.17 370.00 0.00 0.00 0.00 0.00 0.00 0.00 0.00 0.44
Pedestrian 0.00 0 0.00 645.83 143.64 695.55 252.78 0.00 0.00 0.00 0.00 0.00 0.00 0.00 0.38
Pedestrian 0.00 0 0.00 616.25 154.93 712.60 349.65 0.00 0.00 0.00 0.00 0.00 0.00 0.00 0.34
Pedestrian 0.00 0 0.00 355.08 152.13 375.66 192.69 0.00 0.00 0.00 0.00 0.00 0.00 0.00 0.33
Pedestrian 0.00 0 0.00 735.74 145.54 792.67 218.60 0.00 0.00 0.00 0.00 0.00 0.00 0.00 0.32
Pedestrian 0.00 0 0.00 426.69 143.36 442.37 180.97 0.00 0.00 0.00 0.00 0.00 0.00 0.00 0.29
Pedestrian 0.00 0 0.00 296.83 137.99 353.59 235.45 0.00 0.00 0.00 0.00 0.00 0.00 0.00 0.26
Pedestrian 0.00 0 0.00 497.43 144.56 511.35 181.76 0.00 0.00 0.00 0.00 0.00 0.00 0.00 0.25
