Pedestrian 0.00 0 0.00 531.40 171.10 564.71 230.03 0.00 0.00 0.00 0.00 0.00 0.00 0.00 0.84
Pedestrian 0.00 0 0.00 669.16 169.91 693.96 225.28 0.00 0.00 0.00 0.00 0.00 0.00 0.00 0.74
Pedestrian 0.00 0 0.00 695.77 170.74 719.29 227.51 0.00 0.00 0.00 0.00 0.00 0.00 0.00 0.71
Pedestrian 0.00 0 0.00 743.07 160.93 797.89 271.66 0.00 0.00 0.00 0.00 0.00 0.00 0.00 0.62
Pedestrian 0.00 0 0.00 895.31 136.29 1056.95 374.00 0.00 0.00 0.00 0.00 0.00 0.00 0.00 0.56
Pedestrian 0.00 0 0.00 1132.12 125.95 1238.00 358.47 0.00 0.00 0.00 0.00 0.00 0.00 0.00 0.50
Pedestrian 0.00 0 0.00 25.27 144.17 83.50 250.39 0.00 0.00 0.00 0.00 0.00 0.00 0.00 0.40
Pedestrian 0.00 0 0.00 807.87 148.48 835.47 198.35 0.00 0.00 0.00 0.00 0.00 0.00 0.00 0.35
Pedestrian 0.00 0 0.00 231.70 196.34 271.17 257.67 0.00 0.00 0.00 0.00 0.00 0.00 0.00 0.34
Pedestrian 0.00 0 0.00 727.36 174.50 774.95 276.46 0.00 0.00 0.00 0.00 0.00 0.00 0.00 0.31
Pedestrian 0.00 0 0.00 615.74 171.84 630.54 198.97 0.00 0.00 0.00 0.00 0.00 0.00 0.00 0.30
Pedestrian 0.00 0 0.00 1064.64 117.23 1170.36 287.67 0.00 0.00 0.00 0.00 0.00 0.00 0.00 0.27
Pedestrian 0.00 0 0.00 472.50 163.38 506.92 225.73 0.00 0.00 0.00 0.00 0.00 0.00 0.00 0.27
Pedestrian 0.00 0 0.00 412.94 167.42 445.40 245.50 0.00 0.00 0.00 0.00 0.00 0.00 0.00 0.26
