Pedestrian 0.00 0 0.00 554.00 163.72 591.12 230.52 0.00 0.00 0.00 0.00 0.00 0.00 0.00 0.79
Pedestrian 0.00 0 0.00 559.25 154.63 675.02 322.53 0.00 0.00 0.00 0.00 0.00 0.00 0.00 0.79
Pedestrian 0.00 0 0.00 1061.55 118.00 1195.20 320.19 0.00 0.00 0.00 0.00 0.00 0.00 0.00 0.78
Pedestrian 0.00 0 0.00 623.95 161.64 711.16 295.21 0.00 0.00 0.00 0.00 0.00 0.00 0.00 0.72
Pedestrian 0.00 0 0.00 457.31 171.29 499.25 247.35 0.00 0.00 0.00 0.00 0.00 0.00 0.00 0.65
Pedestrian 0.00 0 0.00 629.29 160.51 650.75 211.46 0.00 0.00 0.00 0.00 0.00 0.00 0.00 0.56
Pedestrian 0.00 0 0.00 1130.67 131.44 1238.00 311.08 0.00 0.00 0.00 0.00 0.00 0.00 0.00 0.53
Pedestrian 0.00 0 0.00 1029.99 136.42 1100.55 269.57 0.00 0.00 0.00 0.00 0.00 0.00 0.00 0.37
Pedestrian 0.00 0 0.00 618.63 168.62 652.91 238.01 0.00 0.00 0.00 0.00 0.00 0.00 0.00 0.34
Pedestrian 0.00 0 0.00 595.62 160.42 623.28 223.94 0.00 0.00 0.00 0.00 0.00 0.00 0.00 0.33
Pedestrian 0.00 0 0.00 1182.56 140.26 1238.00 278.74 0.00 0.00 0.00 0.00 0.00 0.00 0.00 0.30
Pedestrian 0.00 0 0.00 1108.05 110.55 1197.11 248.63 0.00 0.00 0.00 0.00 0.00 0.00 0.00 0.30
