Pedestrian 0.00 0 0.00 640.70 161.66 686.74 248.46 0.00 0.00 0.00 0.00 0.00 0.00 0.00 0.86
Pedestrian 0.00 0 0.00 564.28 163.88 608.49 245.97 0.00 0.00 0.00 0.00 0.00 0.00 0.00 0.85
Pedestrian 0.00 0 0.00 840.34 156.65 948.01 308.29 0.00 0.00 0.00 0.00 0.00 0.00 0.00 0.77
Pedestrian 0.00 0 0.00 309.02 166.61 347.94 240.29 0.00 0.00 0.00 0.00 0.00 0.00 0.00 0.74
Pedestrian 0.00 0 0.00 730.77 157.97 852.38 325.33 0.00 0.00 0.00 0.00 0.00 0.00 0.00 0.73
Pedestrian 0.00 0 0.00 1142.77 133.24 1238.00 310.75 0.00 0.00 0.00 0.00 0.00 0.00 0.00 0.73
Pedestrian 0.00 0 0.00 680.19 156.47 734.32 249.66 0.00 0.00 0.00 0.00 0.00 0.00 0.00 0.56
Pedestrian 0.00 0 0.00 608.01 165.52 650.61 255.10 0.00 0.00 0.00 0.00 0.00 0.00 0.00 0.46
Pedestrian 0.00 0 0.00 950.28 133.56 1001.57 224.24 0.00 0.00 0.00 0.00 0.00 0.00 0.00 0.39
Pedestrian 0.00 0 0.00 616.91 160.27 642.02 221.43 0.00 0.00 0.00 0.00 0.00 0.00 0.00 0.37
Pedestrian 0.00 0 0.00 574.99 162.39 599.02 199.52 0.00 0.00 0.00 0.00 0.00 0.00 0.00 0.31
Pedestrian 0.00 0 0.00 704.77 171.32 747.89 246.38 0.00 0.00 0.00 0.00 0.00 0.00 0.00 0.28
Pedestrian 0.00 0 0.00 194.50 167.70 232.80 236.29 0.00 0.00 0.00 0.00 0.00 0.00 0.00 0.27
