Pedestrian 0.00 0 0.00 445.82 163.66 484.59 239.54 0.00 0.00 0.00 0.00 0.00 0.00 0.00 0.90
Pedestrian 0.00 0 0.00 666.79 163.77 707.63 236.69 0.00 0.00 0.00 0.00 0.00 0.00 0.00 0.70
Pedestrian 0.00 0 0.00 180.71 182.42 221.36 242.04 0.00 0.00 0.00 0.00 0.00 0.00 0.00 0.52
Pedestrian 0.00 0 0.00 714.30 163.14 731.24 205.47 0.00 0.00 0.00 0.00 0.00 0.00 0.00 0.49
Pedestrian 0.00 0 0.00 280.38 172.17 325.80 285.81 0.00 0.00 0.00 0.00 0.00 0.00 0.00 0.48
Pedestrian 0.00 0 0.00 244.60 174.92 266.23 222.53 0.00 0.00 0.00 0.00 0.00 0.00 0.00 0.45
Pedestrian 0.00 0 0.00 533.54 167.08 552.59 206.64 0.00 0.00 0.00 0.00 0.00 0.00 0.00 0.42
Pedestrian 0.00 0 0.00 131.12 132.33 258.25 292.50 0.00 0.00 0.00 0.00 0.00 0.00 0.00 0.40
Pedestrian 0.00 0 0.00 228.49 160.52 246.65 214.19 0.00 0.00 0.00 0.00 0.00 0.00 0.00 0.36
Pedestrian 0.00 0 0.00 720.36 165.38 741.00 206.65 0.00 0.00 0.00 0.00 0.00 0.00 0.00 0.33
Pedestrian 0.00 0 0.00 734.30 154.71 751.63 200.08 0.00 0.00 0.00 0.00 0.00 0.00 0.00 0.31
Pedestrian 0.00 0 0.00 705.83 163.90 728.01 202.76 0.00 0.00 0.00 0.00 0.00 0.00 0.00 0.30
