Pedestrian 0.00 0 0.00 916.27 125.55 1092.63 374.00 0.00 0.00 0.00 0.00 0.00 0.00 0.00 0.77
Pedestrian 0.00 0 0.00 497.43 152.65 567.60 293.24 0.00 0.00 0.00 0.00 0.00 0.00 0.00 0.75
Pedestrian 0.00 0 0.00 699.39 166.87 728.39 217.32 0.00 0.00 0.00 0.00 0.00 0.00 0.00 0.72
Pedestrian 0.00 0 0.00 751.54 163.51 770.59 211.54 0.00 0.00 0.00 0.00 0.00 0.00 0.00 0.62
Pedestrian 0.00 0 0.00 534.30 162.85 571.49 247.69 0.00 0.00 0.00 0.00 0.00 0.00 0.00 0.58
Pedestrian 0.00 0 0.00 521.83 160.40 560.34 249.11 0.00 0.00 0.00 0.00 0.00 0.00 0.00 0.54
Pedestrian 0.00 0 0.00 834.47 162.57 949.89 340.37 0.00 0.00 0.00 0.00 0.00 0.00 0.00 0.52
Pedestrian 0.00 0 0.00 695.53 163.32 713.03 209.61 0.00 0.00 0.00 0.00 0.00 0.00 0.00 0.51
Pedestrian 0.00 0 0.00 904.04 177.69 966.73 293.07 0.00 0.00 0.00 0.00 0.00 0.00 0.00 0.37
Pedestrian 0.00 0 0.00 565.38 177.62 586.67 218.76 0.00 0.00 0.00 0.00 0.00 0.00 0.00 0.31
