Pedestrian 0.00 0 0.00 600.98 165.74 617.31 213.17 0.00 0.00 0.00 0.00 0.00 0.00 0.00 0.82
Pedestrian 0.00 0 0.00 568.21 171.29 613.39 251.80 0.00 0.00 0.00 0.00 0.00 0.00 0.00 0.74
Pedestrian 0.00 0 0.00 772.51 157.53 804.45 225.39 0.00 0.00 0.00 0.00 0.00 0.00 0.00 0.69
Pedestrian 0.00 0 0.00 608.87 166.64 636.59 220.35 0.00 0.00 0.00 0.00 0.00 0.00 0.00 0.59
Pedestrian 0.00 0 0.00 763.78 174.81 783.67 218.00 0.00 0.00 0.00 0.00 0.00 0.00 0.00 0.49
Pedestrian 0.00 0 0.00 627.30 165.47 646.17 205.63 0.00 0.00 0.00 0.00 0.00 0.00 0.00 0.49
Pedestrian 0.00 0 0.00 706.01 159.48 721.97 200.56 0.00 0.00 0.00 0.00 0.00 0.00 0.00 0.42
Pedestrian 0.00 0 0.00 587.63 168.78 601.75 194.83 0.00 0.00 0.00 0.00 0.00 0.00 0.00 0.40
Pedestrian 0.00 0 0.00 236.94 163.66 309.97 285.19 0.00 0.00 0.00 0.00 0.00 0.00 0.00 0.39
Pedestrian 0.00 0 0.00 638.00 166.69 655.42 203.36 0.00 0.00 0.00 0.00 0.00 0.00 0.00 0.38
Pedestrian 0.00 0 0.00 766.10 151.95 796.49 205.24 0.00 0.00 0.00 0.00 0.00 0.00 0.00 0.37
Pedestrian 0.00 0 0.00 653.83 167.00 668.76 204.63 0.00 0.00 0.00 0.00 0.00 0.00 0.00 0.36
Pedestrian 0.00 0 0.00 595.18 163.45 612.19 203.63 0.00 0.00 0.00 0.00 0.00 0.00 0.00 0.32
Pedestrian 0.00 0 0.00 466.11 176.04 499.09 250.40 0.00 0.00 0.00 0.00 0.00 0.00 0.00 0.32
Pedestrian 0.00 0 0.00 347.67 184.19 397.60 272.24 0.00 0.00 0.00 0.00 0.00 0.00 0.00 0.31
Pedestrian 0.00 0 0.00 687.30 164.51 699.91 194.20 0.00 0.00 0.00 0.00 0.00 0.00 0.00 0.31
Pedestrian 0.00 0 0.00 14.25 206.15 144.86 374.00 0.00 0.00 0.00 0.00 0.00 0.00 0.00 0.30
Pedestrian 0.00 0 0.00 552.68 178.90 583.02 230.66 0.00 0.00 0.00 0.00 0.00 0.00 0.00 0.26
Pedestrian 0.00 0 0.00 510.63 185.32 531.57 243.92 0.00 0.00 0.00 0.00 0.00 0.00 0.00 0.26
