Pedestrian 0.00 0 0.00 0.00 163.35 111.86 374.00 0.00 0.00 0.00 0.00 0.00 0.00 0.00 0.80
Pedestrian 0.00 0 0.00 619.00 151.23 668.75 235.63 0.00 0.00 0.00 0.00 0.00 0.00 0.00 0.78
Pedestrian 0.00 0 0.00 607.06 139.68 633.68 193.30 0.00 0.00 0.00 0.00 0.00 0.00 0.00 0.44
Pedestrian 0.00 0 0.00 328.79 159.63 351.35 213.04 0.00 0.00 0.00 0.00 0.00 0.00 0.00 0.42
Pedestrian 0.00 0 0.00 496.61 164.98 537.50 230.66 0.00 0.00 0.00 0.00 0.00 0.00 0.00 0.40
Pedestrian 0.00 0 0.00 421.58 163.81 438.36 196.48 0.00 0.00 0.00 0.00 0.00 0.00 0.00 0.37
Pedestrian 0.00 0 0.00 645.83 136.37 690.54 216.85 0.00 0.00 0.00 0.00 0.00 0.00 0.00 0.34
Pedestrian 0.00 0 0.00 455.13 166.42 484.60 215.32 0.00 0.00 0.00 0.00 0.00 0.00 0.00 0.29
Pedestrian 0.00 0 0.00 67.96 169.91 126.99 302.47 0.00 0.00 0.00 0.00 0.00 0.00 0.00 0.27
Pedestrian 0.00 0 0.00 634.72 141.48 677.79 220.21 0.00 0.00 0.00 0.00 0.00 0.00 0.00 0.25
