Pedestrian 0.00 0 0.00 1043.63 122.73 1238.00 374.00 0.00 0.00 0.00 0.00 0.00 0.00 0.00 0.80
Pedestrian 0.00 0 0.00 849.16 155.28 948.98 354.34 0.00 0.00 0.00 0.00 0.00 0.00 0.00 0.78
Pedestrian 0.00 0 0.00 551.41 177.37 589.49 255.47 0.00 0.00 0.00 0.00 0.00 0.00 0.00 0.75
Pedestrian 0.00 0 0.00 601.69 177.81 642.37 243.75 0.00 0.00 0.00 0.00 0.00 0.00 0.00 0.66
Pedestrian 0.00 0 0.00 676.26 179.16 698.91 225.26 0.00 0.00 0.00 0.00 0.00 0.00 0.00 0.63
Pedestrian 0.00 0 0.00 724.78 174.13 745.25 219.51 0.00 0.00 0.00 0.00 0.00 0.00 0.00 0.62
Pedestrian 0.00 0 0.00 604.65 176.73 655.79 251.78 0.00 0.00 0.00 0.00 0.00 0.00 0.00 0.62
Pedestrian 0.00 0 0.00 0.00 184.36 103.61 374.00 0.00 0.00 0.00 0.00 0.00 0.00 0.00 0.59
Pedestrian 0.00 0 0.00 117.78 181.62 175.75 276.85 0.00 0.00 0.00 0.00 0.00 0.00 0.00 0.51
Pedestrian 0.00 0 0.00 914.07 193.78 972.55 319.63 0.00 0.00 0.00 0.00 0.00 0.00 0.00 0.42
Pedestrian 0.00 0 0.00 803.85 189.22 846.62 273.23 0.00 0.00 0.00 0.00 0.00 0.00 0.00 0.41
