Pedestrian 0.00 0 0.00 838.04 144.16 903.70 269.35 0.00 0.00 0.00 0.00 0.00 0.00 0.00 0.85
Pedestrian 0.00 0 0.00 469.53 142.17 516.32 216.93 0.00 0.00 0.00 0.00 0.00 0.00 0.00 0.81
Pedestrian 0.00 0 0.00 1009.56 124.74 1150.34 329.99 0.00 0.00 0.00 0.00 0.00 0.00 0.00 0.79
Pedestrian 0.00 0 0.00 541.64 148.74 587.80 231.01 0.00 0.00 0.00 0.00 0.00 0.00 0.00 0.71
Pedestrian 0.00 0 0.00 424.68 141.92 461.56 214.84 0.00 0.00 0.00 0.00 0.00 0.00 0.00 0.62
Pedestrian 0.00 0 0.00 634.75 143.99 666.59 197.54 0.00 0.00 0.00 0.00 0.00 0.00 0.00 0.58
Pedestrian 0.00 0 0.00 590.13 139.79 619.64 192.58 0.00 0.00 0.00 0.00 0.00 0.00 0.00 0.49
Pedestrian 0.00 0 0.00 648.94 139.19 673.66 200.23 0.00 0.00 0.00 0.00 0.00 0.00 0.00 0.48
Pedestrian 0.00 0 0.00 456.16 141.71 504.34 213.71 0.00 0.00 0.00 0.00 0.00 0.00 0.00 0.44
Pedestrian 0.00 0 0.00 269.65 138.75 326.11 246.31 0.00 0.00 0.00 0.00 0.00 0.00 0.00 0.40
Pedestrian 0.00 0 0.00 505.59 146.92 553.36 232.38 0.00 0.00 0.00 0.00 0.00 0.00 0.00 0.40
Pedestrian 0.00 0 0.00 354.28 156.53 373.94 195.08 0.00 0.00 0.00 0.00 0.00 0.00 0.00 0.34
Pedestrian 0.00 0 0.00 249.78 129.32 292.72 234.70 0.00 0.00 0.00 0.00 0.00 0.00 0.00 0.33
Pedestrian 0.00 0 0.00 340.81 144.46 358.97 191.63 0.00 0.00 0.00 0.00 0.00 0.00 0.00 0.28
