Pedestrian 0.00 0 0.00 549.75 159.42 582.44 215.08 0.00 0.00 0.00 0.00 0.00 0.00 0.00 0.82
Pedestrian 0.00 0 0.00 480.87 163.46 559.72 300.04 0.00 0.00 0.00 0.00 0.00 0.00 0.00 0.81
Pedestrian 0.00 0 0.00 610.00 164.28 715.00 334.34 0.00 0.00 0.00 0.00 0.00 0.00 0.00 0.79
Pedestrian 0.00 0 0.00 566.26 159.36 626.96 268.63 0.00 0.00 0.00 0.00 0.00 0.00 0.00 0.77
Pedestrian 0.00 0 0.00 843.71 149.01 989.30 374.00 0.00 0.00 0.00 0.00 0.00 0.00 0.00 0.73
Pedestrian 0.00 0 0.00 610.92 158.69 664.40 258.67 0.00 0.00 0.00 0.00 0.00 0.00 0.00 0.67
Pedestrian 0.00 0 0.00 787.22 156.53 893.26 342.94 0.00 0.00 0.00 0.00 0.00 0.00 0.00 0.66
Pedestrian 0.00 0 0.00 496.46 160.22 534.38 255.15 0.00 0.00 0.00 0.00 0.00 0.00 0.00 0.52
Pedestrian 0.00 0 0.00 642.08 160.70 721.77 307.36 0.00 0.00 0.00 0.00 0.00 0.00 0.00 0.51
Pedestrian 0.00 0 0.00 608.67 163.26 632.74 213.89 0.00 0.00 0.00 0.00 0.00 0.00 0.00 0.51
Pedestrian 0.00 0 0.00 697.28 157.54 715.83 203.27 0.00 0.00 0.00 0.00 0.00 0.00 0.00 0.50
Pedestrian 0.00 0 0.00 695.62 161.67 783.18 294.26 0.00 0.00 0.00 0.00 0.00 0.00 0.00 0.41
Pedestrian 0.00 0 0.00 91.62 157.95 162.35 266.22 0.00 0.00 0.00 0.00 0.00 0.00 0.00 0.40
Pedestrian 0.00 0 0.00 115.51 154.24 195.97 251.37 0.00 0.00 0.00 0.00 0.00 0.00 0.00 0.37
Pedestrian 0.00 0 0.00 354.88 160.43 403.39 252.32 0.00 0.00 0.00 0.00 0.00 0.00 0.00 0.35
Pedestrian 0.00 0 0.00 708.62 155.09 723.11 194.71 0.00 0.00 0.00 0.00 0.00 0.00 0.00 0.31
Pedestrian 0.00 0 0.00 473.63 161.71 501.12 215.51 0.00 0.00 0.00 0.00 0.00 0.00 0.00 0.29
