Pedestrian 0.00 0 0.00 709.07 161.92 755.82 257.92 0.00 0.00 0.00 0.00 0.00 0.00 0.00 0.87
Pedestrian 0.00 0 0.00 411.76 165.95 463.32 263.78 0.00 0.00 0.00 0.00 0.00 0.00 0.00 0.76
Pedestrian 0.00 0 0.00 728.41 163.36 751.02 214.67 0.00 0.00 0.00 0.00 0.00 0.00 0.00 0.67
Pedestrian 0.00 0 0.00 523.29 168.50 540.99 213.23 0.00 0.00 0.00 0.00 0.00 0.00 0.00 0.66
Pedestrian 0.00 0 0.00 667.96 165.57 715.60 258.64 0.00 0.00 0.00 0.00 0.00 0.00 0.00 0.55
Pedestrian 0.00 0 0.00 744.42 160.81 764.26 210.11 0.00 0.00 0.00 0.00 0.00 0.00 0.00 0.46
Pedestrian 0.00 0 0.00 664.58 172.45 679.29 200.65 0.00 0.00 0.00 0.00 0.00 0.00 0.00 0.41
Pedestrian 0.00 0 0.00 311.09 163.32 330.60 204.61 0.00 0.00 0.00 0.00 0.00 0.00 0.00 0.40
Pedestrian 0.00 0 0.00 753.93 163.77 774.65 213.87 0.00 0.00 0.00 0.00 0.00 0.00 0.00 0.39
Pedestrian 0.00 0 0.00 388.09 165.30 424.23 235.76 0.00 0.00 0.00 0.00 0.00 0.00 0.00 0.33
Pedestrian 0.00 0 0.00 211.17 150.32 246.63 224.34 0.00 0.00 0.00 0.00 0.00 0.00 0.00 0.27
