Pedestrian 0.00 0 0.00 698.20 160.47 748.68 271.42 0.00 0.00 0.00 0.00 0.00 0.00 0.00 0.89
Pedestrian 0.00 0 0.00 346.43 164.27 400.18 279.30 0.00 0.00 0.00 0.00 0.00 0.00 0.00 0.80
Pedestrian 0.00 0 0.00 742.35 166.05 763.56 221.73 0.00 0.00 0.00 0.00 0.00 0.00 0.00 0.68
Pedestrian 0.00 0 0.00 476.69 169.94 509.24 220.02 0.00 0.00 0.00 0.00 0.00 0.00 0.00 0.63
Pedestrian 0.00 0 0.00 763.78 152.85 796.69 220.93 0.00 0.00 0.00 0.00 0.00 0.00 0.00 0.63
Pedestrian 0.00 0 0.00 651.60 162.63 703.13 275.00 0.00 0.00 0.00 0.00 0.00 0.00 0.00 0.47
Pedestrian 0.00 0 0.00 218.44 173.39 251.65 257.08 0.00 0.00 0.00 0.00 0.00 0.00 0.00 0.41
Pedestrian 0.00 0 0.00 721.36 158.51 754.27 213.64 0.00 0.00 0.00 0.00 0.00 0.00 0.00 0.40
Pedestrian 0.00 0 0.00 408.19 177.91 424.22 211.16 0.00 0.00 0.00 0.00 0.00 0.00 0.00 0.32
Pedestrian 0.00 0 0.00 422.51 174.93 439.85 208.71 0.00 0.00 0.00 0.00 0.00 0.00 0.00 0.30
