Pedestrian 0.00 0 0.00 419.34 160.10 491.09 276.72 0.00 0.00 0.00 0.00 0.00 0.00 0.00 0.88
Pedestrian 0.00 0 0.00 765.92 145.39 817.90 269.30 0.00 0.00 0.00 0.00 0.00 0.00 0.00 0.84
Pedestrian 0.00 0 0.00 527.95 165.62 548.92 218.16 0.00 0.00 0.00 0.00 0.00 0.00 0.00 0.81
Pedestrian 0.00 0 0.00 550.71 164.64 573.38 216.27 0.00 0.00 0.00 0.00 0.00 0.00 0.00 0.79
Pedestrian 0.00 0 0.00 556.80 166.21 630.94 274.09 0.00 0.00 0.00 0.00 0.00 0.00 0.00 0.77
Pedestrian 0.00 0 0.00 212.84 153.76 288.72 286.37 0.00 0.00 0.00 0.00 0.00 0.00 0.00 0.71
Pedestrian 0.00 0 0.00 878.29 140.31 969.26 293.09 0.00 0.00 0.00 0.00 0.00 0.00 0.00 0.65
Pedestrian 0.00 0 0.00 599.82 169.18 616.96 219.27 0.00 0.00 0.00 0.00 0.00 0.00 0.00 0.43
Pedestrian 0.00 0 0.00 575.09 168.26 592.94 215.53 0.00 0.00 0.00 0.00 0.00 0.00 0.00 0.43
Pedestrian 0.00 0 0.00 223.38 199.65 350.50 374.00 0.00 0.00 0.00 0.00 0.00 0.00 0.00 0.41
Pedestrian 0.00 0 0.00 798.13 153.24 838.40 229.30 0.00 0.00 0.00 0.00 0.00 0.00 0.00 0.41
Pedestrian 0.00 0 0.00 911.11 130.14 1017.18 285.01 0.00 0.00 0.00 0.00 0.00 0.00 0.00 0.40
Pedestrian 0.00 0 0.00 705.19 152.14 729.98 206.46 0.00 0.00 0.00 0.00 0.00 0.00 0.00 0.39
Pedestrian 0.00 0 0.00 833.92 157.16 880.17 235.23 0.00 0.00 0.00 0.00 0.00 0.00 0.00 0.33
Pedestrian 0.00 0 0.00 874.09 186.22 905.20 273.71 0.00 0.00 0.00 0.00 0.00 0.00 0.00 0.30
Pedestrian 0.00 0 0.00 629.49 165.36 650.16 204.46 0.00 0.00 0.00 0.00 0.00 0.00 0.00 0.26
