Pedestrian 0.00 0 0.00 735.09 154.57 809.89 278.13 0.00 0.00 0.00 0.00 0.00 0.00 0.00 0.87
Pedestrian 0.00 0 0.00 388.56 164.24 410.38 215.50 0.00 0.00 0.00 0.00 0.00 0.00 0.00 0.65
Pedestrian 0.00 0 0.00 505.40 172.16 528.48 212.63 0.00 0.00 0.00 0.00 0.00 0.00 0.00 0.51
Pedestrian 0.00 0 0.00 536.52 170.18 549.32 195.92 0.00 0.00 0.00 0.00 0.00 0.00 0.00 0.40
Pedestrian 0.00 0 0.00 529.99 169.20 545.14 199.59 0.00 0.00 0.00 0.00 0.00 0.00 0.00 0.35
Pedestrian 0.00 0 0.00 454.14 165.66 476.95 216.82 0.00 0.00 0.00 0.00 0.00 0.00 0.00 0.34
Pedestrian 0.00 0 0.00 403.67 174.20 427.85 231.90 0.00 0.00 0.00 0.00 0.00 0.00 0.00 0.32
Pedestrian 0.00 0 0.00 0.00 152.95 57.68 308.84 0.00 0.00 0.00 0.00 0.00 0.00 0.00 0.31
Pedestrian 0.00 0 0.00 549.87 172.27 557.94 197.87 0.00 0.00 0.00 0.00 0.00 0.00 0.00 0.28
Pedestrian 0.00 0 0.00 558.59 169.13 567.19 195.17 0.00 0.00 0.00 0.00 0.00 0.00 0.00 0.25
