Pedestrian 0.00 0 0.00 658.42 170.38 685.84 222.17 0.00 0.00 0.00 0.00 0.00 0.00 0.00 0.77
Pedestrian 0.00 0 0.00 1016.69 147.42 1137.91 350.66 0.00 0.00 0.00 0.00 0.00 0.00 0.00 0.75
Pedestrian 0.00 0 0.00 626.70 165.20 643.92 212.03 0.00 0.00 0.00 0.00 0.00 0.00 0.00 0.66
Pedestrian 0.00 0 0.00 507.82 173.23 536.29 228.98 0.00 0.00 0.00 0.00 0.00 0.00 0.00 0.63
Pedestrian 0.00 0 0.00 330.30 163.46 397.25 285.38 0.00 0.00 0.00 0.00 0.00 0.00 0.00 0.62
Pedestrian 0.00 0 0.00 583.42 174.89 601.18 217.69 0.00 0.00 0.00 0.00 0.00 0.00 0.00 0.60
Pedestrian 0.00 0 0.00 568.59 166.29 592.83 216.60 0.00 0.00 0.00 0.00 0.00 0.00 0.00 0.46
Pedestrian 0.00 0 0.00 151.42 102.02 292.27 337.28 0.00 0.00 0.00 0.00 0.00 0.00 0.00 0.35
Pedestrian 0.00 0 0.00 634.64 161.94 647.82 195.31 0.00 0.00 0.00 0.00 0.00 0.00 0.00 0.33
Pedestrian 0.00 0 0.00 306.20 184.90 365.62 280.54 0.00 0.00 0.00 0.00 0.00 0.00 0.00 0.33
Pedestrian 0.00 0 0.00 619.83 164.00 634.47 199.27 0.00 0.00 0.00 0.00 0.00 0.00 0.00 0.31
