Pedestrian 0.00 0 0.00 991.48 160.52 1083.35 307.68 0.00 0.00 0.00 0.00 0.00 0.00 0.00 0.91
Pedestrian 0.00 0 0.00 781.11 171.43 814.96 242.97 0.00 0.00 0.00 0.00 0.00 0.00 0.00 0.81
Pedestrian 0.00 0 0.00 206.39 150.82 312.00 344.62 0.00 0.00 0.00 0.00 0.00 0.00 0.00 0.80
Pedestrian 0.00 0 0.00 861.62 182.95 915.40 287.98 0.00 0.00 0.00 0.00 0.00 0.00 0.00 0.66
Pedestrian 0.00 0 0.00 806.38 167.72 844.22 243.83 0.00 0.00 0.00 0.00 0.00 0.00 0.00 0.64
Pedestrian 0.00 0 0.00 611.88 184.20 629.82 220.33 0.00 0.00 0.00 0.00 0.00 0.00 0.00 0.62
Pedestrian 0.00 0 0.00 504.40 173.05 524.98 216.39 0.00 0.00 0.00 0.00 0.00 0.00 0.00 0.61
Pedestrian 0.00 0 0.00 494.74 177.62 521.00 224.44 0.00 0.00 0.00 0.00 0.00 0.00 0.00 0.60
Pedestrian 0.00 0 0.00 690.77 170.37 714.61 213.60 0.00 0.00 0.00 0.00 0.00 0.00 0.00 0.43
Pedestrian 0.00 0 0.00 655.80 174.84 669.11 197.56 0.00 0.00 0.00 0.00 0.00 0.00 0.00 0.43
Pedestrian 0.00 0 0.00 889.74 162.49 941.37 227.29 0.00 0.00 0.00 0.00 0.00 0.00 0.00 0.41
Pedestrian 0.00 0 0.00 765.50 155.72 883.39 374.00 0.00 0.00 0.00 0.00 0.00 0.00 0.00 0.36
