Pedestrian 0.00 0 0.00 580.01 171.74 602.07 220.95 0.00 0.00 0.00 0.00 0.00 0.00 0.00 0.85
Pedestrian 0.00 0 0.00 503.66 177.75 558.38 275.50 0.00 0.00 0.00 0.00 0.00 0.00 0.00 0.76
Pedestrian 0.00 0 0.00 594.40 171.32 621.10 225.88 0.00 0.00 0.00 0.00 0.00 0.00 0.00 0.62
Pedestrian 0.00 0 0.00 578.44 165.59 593.14 210.43 0.00 0.00 0.00 0.00 0.00 0.00 0.00 0.60
Pedestrian 0.00 0 0.00 613.99 169.69 628.66 210.34 0.00 0.00 0.00 0.00 0.00 0.00 0.00 0.55
Pedestrian 0.00 0 0.00 101.03 152.70 199.74 319.99 0.00 0.00 0.00 0.00 0.00 0.00 0.00 0.55
Pedestrian 0.00 0 0.00 695.27 162.23 712.77 204.09 0.00 0.00 0.00 0.00 0.00 0.00 0.00 0.43
Pedestrian 0.00 0 0.00 767.50 160.86 808.07 231.10 0.00 0.00 0.00 0.00 0.00 0.00 0.00 0.41
Pedestrian 0.00 0 0.00 620.64 172.70 640.36 210.70 0.00 0.00 0.00 0.00 0.00 0.00 0.00 0.40
Pedestrian 0.00 0 0.00 638.06 172.09 652.77 210.81 0.00 0.00 0.00 0.00 0.00 0.00 0.00 0.35
Pedestrian 0.00 0 0.00 564.29 171.43 581.17 199.25 0.00 0.00 0.00 0.00 0.00 0.00 0.00 0.33
Pedestrian 0.00 0 0.00 415.55 178.31 458.59 269.74 0.00 0.00 0.00 0.00 0.00 0.00 0.00 0.30
Pedestrian 0.00 0 0.00 669.99 170.60 682.72 202.45 0.00 0.00 0.00 0.00 0.00 0.00 0.00 0.30
Pedestrian 0.00 0 0.00 622.10 168.37 638.85 200.82 0.00 0.00 0.00 0.00 0.00 0.00 0.00 0.30
Pedestrian 0.00 0 0.00 707.81 162.14 727.83 199.02 0.00 0.00 0.00 0.00 0.00 0.00 0.00 0.29
Pedestrian 0.00 0 0.00 555.55 182.20 576.29 228.14 0.00 0.00 0.00 0.00 0.00 0.00 0.00 0.29
Pedestrian 0.00 0 0.00 593.33 168.02 609.82 204.26 0.00 0.00 0.00 0.00 0.00 0.00 0.00 0.28
Pedestrian 0.00 0 0.00 689.02 163.58 701.01 188.76 0.00 0.00 0.00 0.00 0.00 0.00 0.00 0.27
