Pedestrian 0.00 0 0.00 1033.93 99.52 1238.00 374.00 0.00 0.00 0.00 0.00 0.00 0.00 0.00 0.75
Pedestrian 0.00 0 0.00 1060.61 90.28 1199.09 319.36 0.00 0.00 0.00 0.00 0.00 0.00 0.00 0.74
Pedestrian 0.00 0 0.00 678.11 163.53 704.01 222.98 0.00 0.00 0.00 0.00 0.00 0.00 0.00 0.73
Pedestrian 0.00 0 0.00 642.45 162.75 663.45 225.86 0.00 0.00 0.00 0.00 0.00 0.00 0.00 0.62
Pedestrian 0.00 0 0.00 585.60 158.65 625.31 229.44 0.00 0.00 0.00 0.00 0.00 0.00 0.00 0.61
Pedestrian 0.00 0 0.00 650.43 156.29 678.25 226.27 0.00 0.00 0.00 0.00 0.00 0.00 0.00 0.61
Pedestrian 0.00 0 0.00 432.96 159.15 469.60 226.85 0.00 0.00 0.00 0.00 0.00 0.00 0.00 0.56
Pedestrian 0.00 0 0.00 705.04 155.88 735.47 215.42 0.00 0.00 0.00 0.00 0.00 0.00 0.00 0.54
Pedestrian 0.00 0 0.00 465.80 154.08 525.93 259.38 0.00 0.00 0.00 0.00 0.00 0.00 0.00 0.47
Pedestrian 0.00 0 0.00 611.71 160.77 631.63 211.72 0.00 0.00 0.00 0.00 0.00 0.00 0.00 0.41
Pedestrian 0.00 0 0.00 540.77 167.20 558.59 201.40 0.00 0.00 0.00 0.00 0.00 0.00 0.00 0.36
Pedestrian 0.00 0 0.00 761.39 149.25 879.98 339.63 0.00 0.00 0.00 0.00 0.00 0.00 0.00 0.35
Pedestrian 0.00 0 0.00 709.73 153.33 738.06 205.49 0.00 0.00 0.00 0.00 0.00 0.00 0.00 0.34
Pedestrian 0.00 0 0.00 629.69 167.30 647.53 205.58 0.00 0.00 0.00 0.00 0.00 0.00 0.00 0.29
Pedestrian 0.00 0 0.00 333.92 179.78 414.30 323.87 0.00 0.00 0.00 0.00 0.00 0.00 0.00 0.29
Pedestrian 0.00 0 0.00 664.83 161.11 685.80 209.83 0.00 0.00 0.00 0.00 0.00 0.00 0.00 0.29
Pedestrian 0.00 0 0.00 385.93 175.09 397.85 209.45 0.00 0.00 0.00 0.00 0.00 0.00 0.00 0.29
Pedestrian 0.00 0 0.00 1158.93 96.99 1238.00 266.54 0.00 0.00 0.00 0.00 0.00 0.00 0.00 0.28
Pedestrian 0.00 0 0.00 475.43 162.41 495.39 207.33 0.00 0.00 0.00 0.00 0.00 0.00 0.00 0.28
