Pedestrian 0.00 0 0.00 638.44 169.37 687.16 279.72 0.00 0.00 0.00 0.00 0.00 0.00 0.00 0.90
Pedestrian 0.00 0 0.00 303.73 164.18 383.89 289.23 0.00 0.00 0.00 0.00 0.00 0.00 0.00 0.83
Pedestrian 0.00 0 0.00 690.83 164.76 743.20 275.38 0.00 0.00 0.00 0.00 0.00 0.00 0.00 0.79
Pedestrian 0.00 0 0.00 734.52 164.38 756.04 221.79 0.00 0.00 0.00 0.00 0.00 0.00 0.00 0.56
Pedestrian 0.00 0 0.00 757.35 150.85 797.19 223.14 0.00 0.00 0.00 0.00 0.00 0.00 0.00 0.56
Pedestrian 0.00 0 0.00 0.00 196.52 63.94 294.07 0.00 0.00 0.00 0.00 0.00 0.00 0.00 0.41
Pedestrian 0.00 0 0.00 411.26 173.38 426.33 206.44 0.00 0.00 0.00 0.00 0.00 0.00 0.00 0.41
Pedestrian 0.00 0 0.00 681.57 163.37 703.36 216.34 0.00 0.00 0.00 0.00 0.00 0.00 0.00 0.40
Pedestrian 0.00 0 0.00 246.72 161.59 299.68 255.47 0.00 0.00 0.00 0.00 0.00 0.00 0.00 0.31
Pedestrian 0.00 0 0.00 750.31 146.20 786.28 216.21 0.00 0.00 0.00 0.00 0.00 0.00 0.00 0.30
Pedestrian 0.00 0 0.00 720.48 159.13 740.09 198.69 0.00 0.00 0.00 0.00 0.00 0.00 0.00 0.30
Pedestrian 0.00 0 0.00 617.23 170.64 635.92 201.56 0.00 0.00 0.00 0.00 0.00 0.00 0.00 0.28
