Pedestrian 0.00 0 0.00 403.41 169.09 427.72 226.25 0.00 0.00 0.00 0.00 0.00 0.00 0.00 0.84
Pedestrian 0.00 0 0.00 546.84 169.28 568.57 221.26 0.00 0.00 0.00 0.00 0.00 0.00 0.00 0.63
Pedestrian 0.00 0 0.00 727.30 151.14 791.44 260.29 0.00 0.00 0.00 0.00 0.00 0.00 0.00 0.62
Pedestrian 0.00 0 0.00 646.35 200.04 732.18 354.36 0.00 0.00 0.00 0.00 0.00 0.00 0.00 0.51
Pedestrian 0.00 0 0.00 638.19 154.45 691.34 273.48 0.00 0.00 0.00 0.00 0.00 0.00 0.00 0.51
Pedestrian 0.00 0 0.00 761.76 133.93 797.17 226.22 0.00 0.00 0.00 0.00 0.00 0.00 0.00 0.39
Pedestrian 0.00 0 0.00 574.19 170.94 621.84 246.80 0.00 0.00 0.00 0.00 0.00 0.00 0.00 0.39
Pedestrian 0.00 0 0.00 54.03 181.29 118.77 337.29 0.00 0.00 0.00 0.00 0.00 0.00 0.00 0.35
Pedestrian 0.00 0 0.00 488.62 173.08 506.84 204.48 0.00 0.00 0.00 0.00 0.00 0.00 0.00 0.34
Pedestrian 0.00 0 0.00 0.00 188.79 23.43 236.98 0.00 0.00 0.00 0.00 0.00 0.00 0.00 0.28
