Pedestrian 0.00 0 0.00 376.81 174.30 414.10 285.54 0.00 0.00 0.00 0.00 0.00 0.00 0.00 0.76
Pedestrian 0.00 0 0.00 916.37 175.88 954.80 289.81 0.00 0.00 0.00 0.00 0.00 0.00 0.00 0.76
Pedestrian 0.00 0 0.00 742.05 183.47 788.72 310.38 0.00 0.00 0.00 0.00 0.00 0.00 0.00 0.74
Pedestrian 0.00 0 0.00 866.94 171.13 910.61 286.58 0.00 0.00 0.00 0.00 0.00 0.00 0.00 0.74
Pedestrian 0.00 0 0.00 298.39 175.79 332.34 248.13 0.00 0.00 0.00 0.00 0.00 0.00 0.00 0.72
Pedestrian 0.00 0 0.00 689.18 182.56 718.79 270.18 0.00 0.00 0.00 0.00 0.00 0.00 0.00 0.63
Pedestrian 0.00 0 0.00 715.93 181.97 748.02 279.49 0.00 0.00 0.00 0.00 0.00 0.00 0.00 0.60
Pedestrian 0.00 0 0.00 645.48 178.78 670.01 244.32 0.00 0.00 0.00 0.00 0.00 0.00 0.00 0.47
Pedestrian 0.00 0 0.00 779.89 174.47 812.12 266.11 0.00 0.00 0.00 0.00 0.00 0.00 0.00 0.44
Pedestrian 0.00 0 0.00 662.96 186.27 680.71 245.29 0.00 0.00 0.00 0.00 0.00 0.00 0.00 0.40
Pedestrian 0.00 0 0.00 788.70 175.71 814.32 259.83 0.00 0.00 0.00 0.00 0.00 0.00 0.00 0.39
