Pedestrian 0.00 0 0.00 22.16 176.50 99.90 370.75 0.00 0.00 0.00 0.00 0.00 0.00 0.00 0.84
Pedestrian 0.00 0 0.00 94.55 163.89 190.12 371.62 0.00 0.00 0.00 0.00 0.00 0.00 0.00 0.72
Pedestrian 0.00 0 0.00 384.43 160.98 420.99 250.36 0.00 0.00 0.00 0.00 0.00 0.00 0.00 0.56
Pedestrian 0.00 0 0.00 635.57 167.21 657.23 228.68 0.00 0.00 0.00 0.00 0.00 0.00 0.00 0.55
Pedestrian 0.00 0 0.00 0.05 176.43 49.30 362.86 0.00 0.00 0.00 0.00 0.00 0.00 0.00 0.53
Pedestrian 0.00 0 0.00 644.80 168.30 662.40 226.88 0.00 0.00 0.00 0.00 0.00 0.00 0.00 0.36
Pedestrian 0.00 0 0.00 352.70 165.04 375.99 219.64 0.00 0.00 0.00 0.00 0.00 0.00 0.00 0.32
Pedestrian 0.00 0 0.00 376.66 158.21 423.82 275.92 0.00 0.00 0.00 0.00 0.00 0.00 0.00 0.29
Pedestrian 0.00 0 0.00 535.30 169.17 557.70 224.96 0.00 0.00 0.00 0.00 0.00 0.00 0.00 0.29
Pedestrian 0.00 0 0.00 556.81 197.44 581.74 242.41 0.00 0.00 0.00 0.00 0.00 0.00 0.00 0.28
