Pedestrian 0.00 0 0.00 827.12 185.04 917.89 369.97 0.00 0.00 0.00 0.00 0.00 0.00 0.00 0.83
Pedestrian 0.00 0 0.00 911.60 169.49 999.63 370.00 0.00 0.00 0.00 0.00 0.00 0.00 0.00 0.81
Pedestrian 0.00 0 0.00 548.18 141.62 580.87 257.80 0.00 0.00 0.00 0.00 0.00 0.00 0.00 0.63
Pedestrian 0.00 0 0.00 619.97 140.53 664.56 255.77 0.00 0.00 0.00 0.00 0.00 0.00 0.00 0.60
Pedestrian 0.00 0 0.00 577.02 140.59 609.64 258.43 0.00 0.00 0.00 0.00 0.00 0.00 0.00 0.59
Pedestrian 0.00 0 0.00 403.44 143.51 426.40 196.05 0.00 0.00 0.00 0.00 0.00 0.00 0.00 0.35
Pedestrian 0.00 0 0.00 606.99 148.03 628.52 211.41 0.00 0.00 0.00 0.00 0.00 0.00 0.00 0.34
Pedestrian 0.00 0 0.00 511.87 143.88 537.38 210.40 0.00 0.00 0.00 0.00 0.00 0.00 0.00 0.32
Pedestrian 0.00 0 0.00 505.17 143.25 530.66 209.41 0.00 0.00 0.00 0.00 0.00 0.00 0.00 0.26
Pedestrian 0.00 0 0.00 453.38 142.05 473.21 205.81 0.00 0.00 0.00 0.00 0.00 0.00 0.00 0.26
Pedestrian 0.00 0 0.00 283.20 143.73 317.15 197.86 0.00 0.00 0.00 0.00 0.00 0.00 0.00 0.26
