Pedestrian 0.00 0 0.00 831.67 164.88 904.03 337.10 0.00 0.00 0.00 0.00 0.00 0.00 0.00 0.85
Pedestrian 0.00 0 0.00 360.57 179.39 412.53 273.81 0.00 0.00 0.00 0.00 0.00 0.00 0.00 0.78
Pedestrian 0.00 0 0.00 1.12 173.10 71.80 338.77 0.00 0.00 0.00 0.00 0.00 0.00 0.00 0.78
Pedestrian 0.00 0 0.00 756.49 169.71 810.01 336.97 0.00 0.00 0.00 0.00 0.00 0.00 0.00 0.77
Pedestrian 0.00 0 0.00 1084.30 149.66 1162.05 288.57 0.00 0.00 0.00 0.00 0.00 0.00 0.00 0.77
Pedestrian 0.00 0 0.00 1172.99 148.84 1237.66 279.40 0.00 0.00 0.00 0.00 0.00 0.00 0.00 0.70
Pedestrian 0.00 0 0.00 997.12 158.60 1047.75 272.72 0.00 0.00 0.00 0.00 0.00 0.00 0.00 0.50
Pedestrian 0.00 0 0.00 655.39 171.04 680.85 236.37 0.00 0.00 0.00 0.00 0.00 0.00 0.00 0.50
Pedestrian 0.00 0 0.00 435.77 180.16 463.71 248.22 0.00 0.00 0.00 0.00 0.00 0.00 0.00 0.45
Pedestrian 0.00 0 0.00 0.07 172.94 43.65 333.67 0.00 0.00 0.00 0.00 0.00 0.00 0.00 0.34
Pedestrian 0.00 0 0.00 653.12 173.54 672.45 230.63 0.00 0.00 0.00 0.00 0.00 0.00 0.00 0.27
