Pedestrian 0.00 0 0.00 1087.95 138.39 1161.77 367.85 0.00 0.00 0.00 0.00 0.00 0.00 0.00 0.85
Pedestrian 0.00 0 0.00 920.51 150.55 1026.93 369.99 0.00 0.00 0.00 0.00 0.00 0.00 0.00 0.83
Pedestrian 0.00 0 0.00 1018.52 134.65 1105.75 368.24 0.00 0.00 0.00 0.00 0.00 0.00 0.00 0.81
Pedestrian 0.00 0 0.00 589.39 145.96 629.81 246.99 0.00 0.00 0.00 0.00 0.00 0.00 0.00 0.78
Pedestrian 0.00 0 0.00 635.15 137.90 672.85 243.54 0.00 0.00 0.00 0.00 0.00 0.00 0.00 0.78
Pedestrian 0.00 0 0.00 572.64 143.86 597.75 226.17 0.00 0.00 0.00 0.00 0.00 0.00 0.00 0.45
Pedestrian 0.00 0 0.00 693.57 150.40 711.43 204.65 0.00 0.00 0.00 0.00 0.00 0.00 0.00 0.45
Pedestrian 0.00 0 0.00 445.93 144.18 472.34 210.27 0.00 0.00 0.00 0.00 0.00 0.00 0.00 0.43
Pedestrian 0.00 0 0.00 498.33 140.60 527.11 223.25 0.00 0.00 0.00 0.00 0.00 0.00 0.00 0.42
Pedestrian 0.00 0 0.00 547.37 139.98 576.07 229.56 0.00 0.00 0.00 0.00 0.00 0.00 0.00 0.40
Pedestrian 0.00 0 0.00 526.07 141.18 551.57 223.82 0.00 0.00 0.00 0.00 0.00 0.00 0.00 0.35
