Pedestrian 0.00 0 0.00 1020.06 150.36 1092.53 332.32 0.00 0.00 0.00 0.00 0.00 0.00 0.00 0.84
Pedestrian 0.00 0 0.00 1158.27 194.81 1223.65 366.92 0.00 0.00 0.00 0.00 0.00 0.00 0.00 0.82
Pedestrian 0.00 0 0.00 922.54 153.80 1008.67 335.91 0.00 0.00 0.00 0.00 0.00 0.00 0.00 0.81
Pedestrian 0.00 0 0.00 807.67 152.24 871.59 320.24 0.00 0.00 0.00 0.00 0.00 0.00 0.00 0.81
Pedestrian 0.00 0 0.00 505.92 153.97 558.71 308.53 0.00 0.00 0.00 0.00 0.00 0.00 0.00 0.75
Pedestrian 0.00 0 0.00 721.15 148.81 781.95 322.49 0.00 0.00 0.00 0.00 0.00 0.00 0.00 0.72
Pedestrian 0.00 0 0.00 665.23 141.25 712.13 286.88 0.00 0.00 0.00 0.00 0.00 0.00 0.00 0.59
Pedestrian 0.00 0 0.00 588.89 140.41 633.31 291.12 0.00 0.00 0.00 0.00 0.00 0.00 0.00 0.56
Pedestrian 0.00 0 0.00 888.38 165.06 927.77 238.64 0.00 0.00 0.00 0.00 0.00 0.00 0.00 0.46
Pedestrian 0.00 0 0.00 637.21 157.49 679.75 285.41 0.00 0.00 0.00 0.00 0.00 0.00 0.00 0.46
Pedestrian 0.00 0 0.00 553.82 155.17 595.97 293.54 0.00 0.00 0.00 0.00 0.00 0.00 0.00 0.39
Pedestrian 0.00 0 0.00 566.06 157.46 599.75 295.57 0.00 0.00 0.00 0.00 0.00 0.00 0.00 0.34
