Pedestrian 0.00 0 0.00 732.38 182.30 761.75 281.64 0.00 0.00 0.00 0.00 0.00 0.00 0.00 0.70
Pedestrian 0.00 0 0.00 238.32 179.00 263.79 264.60 0.00 0.00 0.00 0.00 0.00 0.00 0.00 0.66
Pedestrian 0.00 0 0.00 339.47 177.35 364.47 240.50 0.00 0.00 0.00 0.00 0.00 0.00 0.00 0.64
Pedestrian 0.00 0 0.00 128.56 180.96 153.58 248.03 0.00 0.00 0.00 0.00 0.00 0.00 0.00 0.59
Pedestrian 0.00 0 0.00 820.32 170.26 846.80 228.63 0.00 0.00 0.00 0.00 0.00 0.00 0.00 0.44
Pedestrian 0.00 0 0.00 816.81 153.84 847.01 228.70 0.00 0.00 0.00 0.00 0.00 0.00 0.00 0.41
Pedestrian 0.00 0 0.00 434.19 186.04 446.66 219.43 0.00 0.00 0.00 0.00 0.00 0.00 0.00 0.37
Pedestrian 0.00 0 0.00 662.03 176.93 683.07 223.35 0.00 0.00 0.00 0.00 0.00 0.00 0.00 0.35
Pedestrian 0.00 0 0.00 220.06 179.63 238.77 233.31 0.00 0.00 0.00 0.00 0.00 0.00 0.00 0.33
Pedestrian 0.00 0 0.00 432.80 173.80 447.97 219.15 0.00 0.00 0.00 0.00 0.00 0.00 0.00 0.33
