Pedestrian 0.00 0 0.00 288.67 169.64 326.82 274.20 0.00 0.00 0.00 0.00 0.00 0.00 0.00 0.82
Pedestrian 0.00 0 0.00 809.58 165.40 871.72 322.15 0.00 0.00 0.00 0.00 0.00 0.00 0.00 0.77
Pedestrian 0.00 0 0.00 1128.05 149.55 1193.86 284.75 0.00 0.00 0.00 0.00 0.00 0.00 0.00 0.76
Pedestrian 0.00 0 0.00 729.49 173.18 776.94 325.33 0.00 0.00 0.00 0.00 0.00 0.00 0.00 0.73
Pedestrian 0.00 0 0.00 1082.05 152.27 1148.37 305.49 0.00 0.00 0.00 0.00 0.00 0.00 0.00 0.70
Pedestrian 0.00 0 0.00 395.38 161.32 431.05 256.80 0.00 0.00 0.00 0.00 0.00 0.00 0.00 0.62
Pedestrian 0.00 0 0.00 1034.50 158.32 1078.88 282.21 0.00 0.00 0.00 0.00 0.00 0.00 0.00 0.58
Pedestrian 0.00 0 0.00 627.42 169.98 649.99 234.64 0.00 0.00 0.00 0.00 0.00 0.00 0.00 0.55
Pedestrian 0.00 0 0.00 369.19 168.74 393.44 251.76 0.00 0.00 0.00 0.00 0.00 0.00 0.00 0.44
Pedestrian 0.00 0 0.00 804.00 167.81 828.13 266.12 0.00 0.00 0.00 0.00 0.00 0.00 0.00 0.36
Pedestrian 0.00 0 0.00 622.54 173.06 645.12 234.21 0.00 0.00 0.00 0.00 0.00 0.00 0.00 0.30
