Pedestrian 0.00 0 0.00 757.95 179.58 813.71 326.15 0.00 0.00 0.00 0.00 0.00 0.00 0.00 0.81
Pedestrian 0.00 0 0.00 913.51 170.92 967.79 309.40 0.00 0.00 0.00 0.00 0.00 0.00 0.00 0.79
Pedestrian 0.00 0 0.00 339.05 180.36 384.40 312.60 0.00 0.00 0.00 0.00 0.00 0.00 0.00 0.78
Pedestrian 0.00 0 0.00 718.42 180.53 757.34 293.25 0.00 0.00 0.00 0.00 0.00 0.00 0.00 0.74
Pedestrian 0.00 0 0.00 971.82 172.29 1028.57 307.57 0.00 0.00 0.00 0.00 0.00 0.00 0.00 0.68
Pedestrian 0.00 0 0.00 245.21 184.36 290.54 267.89 0.00 0.00 0.00 0.00 0.00 0.00 0.00 0.66
Pedestrian 0.00 0 0.00 694.44 184.72 723.56 279.20 0.00 0.00 0.00 0.00 0.00 0.00 0.00 0.62
Pedestrian 0.00 0 0.00 641.79 178.71 665.28 248.35 0.00 0.00 0.00 0.00 0.00 0.00 0.00 0.62
Pedestrian 0.00 0 0.00 659.87 187.80 683.23 251.63 0.00 0.00 0.00 0.00 0.00 0.00 0.00 0.48
Pedestrian 0.00 0 0.00 690.78 180.94 721.04 262.98 0.00 0.00 0.00 0.00 0.00 0.00 0.00 0.33
Pedestrian 0.00 0 0.00 645.02 178.84 673.93 250.72 0.00 0.00 0.00 0.00 0.00 0.00 0.00 0.26
