Pedestrian 0.00 0 0.00 288.63 161.32 374.08 356.70 0.00 0.00 0.00 0.00 0.00 0.00 0.00 0.84
Pedestrian 0.00 0 0.00 1008.79 145.02 1083.44 345.35 0.00 0.00 0.00 0.00 0.00 0.00 0.00 0.82
Pedestrian 0.00 0 0.00 915.64 128.62 1018.80 286.09 0.00 0.00 0.00 0.00 0.00 0.00 0.00 0.79
Pedestrian 0.00 0 0.00 415.07 176.84 475.66 295.09 0.00 0.00 0.00 0.00 0.00 0.00 0.00 0.68
Pedestrian 0.00 0 0.00 622.82 172.96 668.94 289.03 0.00 0.00 0.00 0.00 0.00 0.00 0.00 0.57
Pedestrian 0.00 0 0.00 591.13 171.47 609.95 228.59 0.00 0.00 0.00 0.00 0.00 0.00 0.00 0.34
Pedestrian 0.00 0 0.00 552.79 175.43 570.25 227.33 0.00 0.00 0.00 0.00 0.00 0.00 0.00 0.33
Pedestrian 0.00 0 0.00 600.06 171.77 616.55 227.91 0.00 0.00 0.00 0.00 0.00 0.00 0.00 0.32
Pedestrian 0.00 0 0.00 602.76 172.30 623.72 227.79 0.00 0.00 0.00 0.00 0.00 0.00 0.00 0.32
Pedestrian 0.00 0 0.00 586.11 172.25 607.24 227.52 0.00 0.00 0.00 0.00 0.00 0.00 0.00 0.31
