Pedestrian 0.00 0 0.00 762.40 155.24 817.82 297.48 0.00 0.00 0.00 0.00 0.00 0.00 0.00 0.77
Pedestrian 0.00 0 0.00 1098.10 150.22 1183.31 339.39 0.00 0.00 0.00 0.00 0.00 0.00 0.00 0.72
Pedestrian 0.00 0 0.00 734.24 160.77 765.98 264.78 0.00 0.00 0.00 0.00 0.00 0.00 0.00 0.72
Pedestrian 0.00 0 0.00 204.45 171.80 246.59 279.39 0.00 0.00 0.00 0.00 0.00 0.00 0.00 0.67
Pedestrian 0.00 0 0.00 692.00 164.14 743.63 301.35 0.00 0.00 0.00 0.00 0.00 0.00 0.00 0.67
Pedestrian 0.00 0 0.00 273.88 176.04 324.11 291.85 0.00 0.00 0.00 0.00 0.00 0.00 0.00 0.67
Pedestrian 0.00 0 0.00 1155.65 143.38 1221.92 306.02 0.00 0.00 0.00 0.00 0.00 0.00 0.00 0.65
Pedestrian 0.00 0 0.00 603.20 165.24 631.20 233.79 0.00 0.00 0.00 0.00 0.00 0.00 0.00 0.55
Pedestrian 0.00 0 0.00 241.18 173.14 276.87 277.42 0.00 0.00 0.00 0.00 0.00 0.00 0.00 0.44
Pedestrian 0.00 0 0.00 1014.64 141.95 1049.46 219.92 0.00 0.00 0.00 0.00 0.00 0.00 0.00 0.43
