Pedestrian 0.00 0 0.00 775.76 141.79 852.14 314.54 0.00 0.00 0.00 0.00 0.00 0.00 0.00 0.86
Pedestrian 0.00 0 0.00 709.35 143.90 777.29 329.57 0.00 0.00 0.00 0.00 0.00 0.00 0.00 0.83
Pedestrian 0.00 0 0.00 543.56 141.83 581.23 226.80 0.00 0.00 0.00 0.00 0.00 0.00 0.00 0.79
Pedestrian 0.00 0 0.00 583.24 139.92 616.43 223.97 0.00 0.00 0.00 0.00 0.00 0.00 0.00 0.55
Pedestrian 0.00 0 0.00 678.57 146.64 697.60 204.24 0.00 0.00 0.00 0.00 0.00 0.00 0.00 0.52
Pedestrian 0.00 0 0.00 510.97 141.53 534.09 219.87 0.00 0.00 0.00 0.00 0.00 0.00 0.00 0.46
Pedestrian 0.00 0 0.00 432.98 144.14 457.00 197.96 0.00 0.00 0.00 0.00 0.00 0.00 0.00 0.43
Pedestrian 0.00 0 0.00 476.96 140.65 504.88 217.14 0.00 0.00 0.00 0.00 0.00 0.00 0.00 0.40
Pedestrian 0.00 0 0.00 455.17 141.44 480.26 214.81 0.00 0.00 0.00 0.00 0.00 0.00 0.00 0.34
Pedestrian 0.00 0 0.00 409.63 143.98 430.85 183.42 0.00 0.00 0.00 0.00 0.00 0.00 0.00 0.32
Pedestrian 0.00 0 0.00 580.31 141.78 598.78 223.65 0.00 0.00 0.00 0.00 0.00 0.00 0.00 0.31
