Pedestrian 0.00 0 0.00 649.65 139.57 698.08 269.70 0.00 0.00 0.00 0.00 0.00 0.00 0.00 0.81
Pedestrian 0.00 0 0.00 583.89 139.76 624.81 279.00 0.00 0.00 0.00 0.00 0.00 0.00 0.00 0.72
Pedestrian 0.00 0 0.00 1057.98 179.95 1221.35 368.60 0.00 0.00 0.00 0.00 0.00 0.00 0.00 0.66
Pedestrian 0.00 0 0.00 1134.88 174.46 1223.58 366.48 0.00 0.00 0.00 0.00 0.00 0.00 0.00 0.64
Pedestrian 0.00 0 0.00 615.20 142.78 652.77 276.32 0.00 0.00 0.00 0.00 0.00 0.00 0.00 0.59
Pedestrian 0.00 0 0.00 1057.53 180.21 1161.12 367.28 0.00 0.00 0.00 0.00 0.00 0.00 0.00 0.48
Pedestrian 0.00 0 0.00 548.14 141.29 575.37 210.32 0.00 0.00 0.00 0.00 0.00 0.00 0.00 0.46
Pedestrian 0.00 0 0.00 527.94 142.28 553.67 214.14 0.00 0.00 0.00 0.00 0.00 0.00 0.00 0.38
Pedestrian 0.00 0 0.00 464.03 141.00 488.65 210.80 0.00 0.00 0.00 0.00 0.00 0.00 0.00 0.37
Pedestrian 0.00 0 0.00 404.13 141.22 430.29 186.10 0.00 0.00 0.00 0.00 0.00 0.00 0.00 0.36
Pedestrian 0.00 0 0.00 489.55 146.15 511.46 212.65 0.00 0.00 0.00 0.00 0.00 0.00 0.00 0.26
