Pedestrian 0.00 0 0.00 455.31 159.25 497.76 315.91 0.00 0.00 0.00 0.00 0.00 0.00 0.00 0.83
Pedestrian 0.00 0 0.00 404.72 165.03 460.10 327.11 0.00 0.00 0.00 0.00 0.00 0.00 0.00 0.68
Pedestrian 0.00 0 0.00 675.43 167.01 701.59 239.78 0.00 0.00 0.00 0.00 0.00 0.00 0.00 0.67
Pedestrian 0.00 0 0.00 185.78 242.36 291.38 370.52 0.00 0.00 0.00 0.00 0.00 0.00 0.00 0.63
Pedestrian 0.00 0 0.00 703.73 169.04 725.37 227.29 0.00 0.00 0.00 0.00 0.00 0.00 0.00 0.56
Pedestrian 0.00 0 0.00 45.82 255.82 145.69 374.00 0.00 0.00 0.00 0.00 0.00 0.00 0.00 0.51
Pedestrian 0.00 0 0.00 629.00 162.62 655.27 224.55 0.00 0.00 0.00 0.00 0.00 0.00 0.00 0.48
Pedestrian 0.00 0 0.00 628.07 160.61 653.38 212.10 0.00 0.00 0.00 0.00 0.00 0.00 0.00 0.47
Pedestrian 0.00 0 0.00 495.96 166.38 515.40 217.81 0.00 0.00 0.00 0.00 0.00 0.00 0.00 0.37
Pedestrian 0.00 0 0.00 385.65 167.79 413.14 208.24 0.00 0.00 0.00 0.00 0.00 0.00 0.00 0.30
Pedestrian 0.00 0 0.00 384.28 168.64 414.82 222.57 0.00 0.00 0.00 0.00 0.00 0.00 0.00 0.29
