Pedestrian 0.00 0 0.00 1115.02 144.11 1223.41 368.38 0.00 0.00 0.00 0.00 0.00 0.00 0.00 0.82
Pedestrian 0.00 0 0.00 619.18 141.88 665.31 262.17 0.00 0.00 0.00 0.00 0.00 0.00 0.00 0.74
Pedestrian 0.00 0 0.00 673.93 139.56 717.26 260.20 0.00 0.00 0.00 0.00 0.00 0.00 0.00 0.73
Pedestrian 0.00 0 0.00 589.60 143.10 621.98 233.35 0.00 0.00 0.00 0.00 0.00 0.00 0.00 0.60
Pedestrian 0.00 0 0.00 559.81 141.01 591.48 233.79 0.00 0.00 0.00 0.00 0.00 0.00 0.00 0.58
Pedestrian 0.00 0 0.00 453.06 140.71 483.30 223.85 0.00 0.00 0.00 0.00 0.00 0.00 0.00 0.54
Pedestrian 0.00 0 0.00 506.04 140.93 539.47 230.35 0.00 0.00 0.00 0.00 0.00 0.00 0.00 0.50
Pedestrian 0.00 0 0.00 482.94 142.68 511.13 228.42 0.00 0.00 0.00 0.00 0.00 0.00 0.00 0.38
Pedestrian 0.00 0 0.00 535.76 140.42 562.45 229.99 0.00 0.00 0.00 0.00 0.00 0.00 0.00 0.36
Pedestrian 0.00 0 0.00 406.91 145.79 429.89 189.87 0.00 0.00 0.00 0.00 0.00 0.00 0.00 0.31
