Pedestrian 0.00 0 0.00 1084.50 131.04 1210.64 367.33 0.00 0.00 0.00 0.00 0.00 0.00 0.00 0.89
Pedestrian 0.00 0 0.00 326.67 164.58 415.27 368.82 0.00 0.00 0.00 0.00 0.00 0.00 0.00 0.85
Pedestrian 0.00 0 0.00 543.14 144.90 591.66 275.20 0.00 0.00 0.00 0.00 0.00 0.00 0.00 0.83
Pedestrian 0.00 0 0.00 654.64 147.10 747.78 367.25 0.00 0.00 0.00 0.00 0.00 0.00 0.00 0.81
Pedestrian 0.00 0 0.00 917.19 161.49 1001.77 369.88 0.00 0.00 0.00 0.00 0.00 0.00 0.00 0.81
Pedestrian 0.00 0 0.00 839.03 149.86 905.23 368.19 0.00 0.00 0.00 0.00 0.00 0.00 0.00 0.80
Pedestrian 0.00 0 0.00 735.24 147.21 804.34 366.20 0.00 0.00 0.00 0.00 0.00 0.00 0.00 0.78
Pedestrian 0.00 0 0.00 787.26 182.00 861.31 368.36 0.00 0.00 0.00 0.00 0.00 0.00 0.00 0.69
Pedestrian 0.00 0 0.00 638.02 145.42 664.25 226.06 0.00 0.00 0.00 0.00 0.00 0.00 0.00 0.44
Pedestrian 0.00 0 0.00 489.63 139.38 505.70 179.03 0.00 0.00 0.00 0.00 0.00 0.00 0.00 0.32
Pedestrian 0.00 0 0.00 647.54 150.47 682.21 228.80 0.00 0.00 0.00 0.00 0.00 0.00 0.00 0.28
Pedestrian 0.00 0 0.00 259.93 148.12 282.86 209.61 0.00 0.00 0.00 0.00 0.00 0.00 0.00 0.28
Pedestrian 0.00 0 0.00 655.38 152.20 681.02 226.17 0.00 0.00 0.00 0.00 0.00 0.00 0.00 0.26
