Pedestrian 0.00 0 0.00 977.52 171.92 1042.82 340.16 0.00 0.00 0.00 0.00 0.00 0.00 0.00 0.80
Pedestrian 0.00 0 0.00 780.36 180.55 838.72 337.49 0.00 0.00 0.00 0.00 0.00 0.00 0.00 0.74
Pedestrian 0.00 0 0.00 309.16 171.61 361.80 327.22 0.00 0.00 0.00 0.00 0.00 0.00 0.00 0.70
Pedestrian 0.00 0 0.00 1054.23 171.38 1128.05 340.30 0.00 0.00 0.00 0.00 0.00 0.00 0.00 0.65
Pedestrian 0.00 0 0.00 695.79 187.27 729.43 284.80 0.00 0.00 0.00 0.00 0.00 0.00 0.00 0.63
Pedestrian 0.00 0 0.00 723.69 182.76 761.57 299.97 0.00 0.00 0.00 0.00 0.00 0.00 0.00 0.63
Pedestrian 0.00 0 0.00 637.18 180.01 661.79 251.36 0.00 0.00 0.00 0.00 0.00 0.00 0.00 0.53
Pedestrian 0.00 0 0.00 189.54 178.07 243.37 276.12 0.00 0.00 0.00 0.00 0.00 0.00 0.00 0.52
Pedestrian 0.00 0 0.00 661.71 184.62 682.98 251.86 0.00 0.00 0.00 0.00 0.00 0.00 0.00 0.29
Pedestrian 0.00 0 0.00 751.06 192.70 775.27 288.47 0.00 0.00 0.00 0.00 0.00 0.00 0.00 0.25
