Pedestrian 0.00 0 0.00 876.30 157.61 971.11 333.08 0.00 0.00 0.00 0.00 0.00 0.00 0.00 0.87
Pedestrian 0.00 0 0.00 673.12 162.47 711.59 263.46 0.00 0.00 0.00 0.00 0.00 0.00 0.00 0.77
Pedestrian 0.00 0 0.00 268.82 171.41 303.18 256.63 0.00 0.00 0.00 0.00 0.00 0.00 0.00 0.77
Pedestrian 0.00 0 0.00 1157.28 143.24 1226.46 304.58 0.00 0.00 0.00 0.00 0.00 0.00 0.00 0.74
Pedestrian 0.00 0 0.00 1033.85 159.43 1106.47 319.78 0.00 0.00 0.00 0.00 0.00 0.00 0.00 0.73
Pedestrian 0.00 0 0.00 90.86 174.87 184.17 367.72 0.00 0.00 0.00 0.00 0.00 0.00 0.00 0.64
Pedestrian 0.00 0 0.00 651.04 168.22 678.52 254.81 0.00 0.00 0.00 0.00 0.00 0.00 0.00 0.60
Pedestrian 0.00 0 0.00 609.01 164.91 645.98 266.44 0.00 0.00 0.00 0.00 0.00 0.00 0.00 0.59
Pedestrian 0.00 0 0.00 49.83 177.85 111.01 264.89 0.00 0.00 0.00 0.00 0.00 0.00 0.00 0.54
Pedestrian 0.00 0 0.00 786.13 151.49 818.42 258.03 0.00 0.00 0.00 0.00 0.00 0.00 0.00 0.50
Pedestrian 0.00 0 0.00 649.32 171.17 671.34 231.76 0.00 0.00 0.00 0.00 0.00 0.00 0.00 0.36
Pedestrian 0.00 0 0.00 133.97 179.84 188.26 366.89 0.00 0.00 0.00 0.00 0.00 0.00 0.00 0.32
