Pedestrian 0.00 0 0.00 864.17 163.87 928.62 303.73 0.00 0.00 0.00 0.00 0.00 0.00 0.00 0.84
Pedestrian 0.00 0 0.00 756.91 163.50 839.29 326.58 0.00 0.00 0.00 0.00 0.00 0.00 0.00 0.84
Pedestrian 0.00 0 0.00 315.69 169.37 347.17 242.53 0.00 0.00 0.00 0.00 0.00 0.00 0.00 0.68
Pedestrian 0.00 0 0.00 1158.85 144.43 1226.41 296.74 0.00 0.00 0.00 0.00 0.00 0.00 0.00 0.68
Pedestrian 0.00 0 0.00 688.84 160.31 723.40 248.36 0.00 0.00 0.00 0.00 0.00 0.00 0.00 0.53
Pedestrian 0.00 0 0.00 571.80 164.05 601.75 249.33 0.00 0.00 0.00 0.00 0.00 0.00 0.00 0.43
Pedestrian 0.00 0 0.00 609.80 168.49 645.90 259.03 0.00 0.00 0.00 0.00 0.00 0.00 0.00 0.42
Pedestrian 0.00 0 0.00 615.90 170.54 642.93 249.48 0.00 0.00 0.00 0.00 0.00 0.00 0.00 0.38
Pedestrian 0.00 0 0.00 566.03 162.61 644.66 258.13 0.00 0.00 0.00 0.00 0.00 0.00 0.00 0.37
Pedestrian 0.00 0 0.00 648.57 167.48 676.52 247.65 0.00 0.00 0.00 0.00 0.00 0.00 0.00 0.36
