Pedestrian 0.00 0 0.00 1103.70 155.84 1185.30 318.89 0.00 0.00 0.00 0.00 0.00 0.00 0.00 0.84
Pedestrian 0.00 0 0.00 240.65 167.74 283.81 277.97 0.00 0.00 0.00 0.00 0.00 0.00 0.00 0.80
Pedestrian 0.00 0 0.00 808.08 158.91 863.73 309.47 0.00 0.00 0.00 0.00 0.00 0.00 0.00 0.79
Pedestrian 0.00 0 0.00 721.91 170.06 771.25 315.43 0.00 0.00 0.00 0.00 0.00 0.00 0.00 0.77
Pedestrian 0.00 0 0.00 356.75 168.61 396.95 269.71 0.00 0.00 0.00 0.00 0.00 0.00 0.00 0.62
Pedestrian 0.00 0 0.00 777.24 157.98 812.50 264.13 0.00 0.00 0.00 0.00 0.00 0.00 0.00 0.59
Pedestrian 0.00 0 0.00 327.95 170.65 356.18 240.58 0.00 0.00 0.00 0.00 0.00 0.00 0.00 0.52
Pedestrian 0.00 0 0.00 1082.08 149.98 1132.13 295.57 0.00 0.00 0.00 0.00 0.00 0.00 0.00 0.47
Pedestrian 0.00 0 0.00 620.74 169.61 646.04 235.31 0.00 0.00 0.00 0.00 0.00 0.00 0.00 0.42
Pedestrian 0.00 0 0.00 328.76 171.08 361.07 266.67 0.00 0.00 0.00 0.00 0.00 0.00 0.00 0.41
Pedestrian 0.00 0 0.00 622.79 169.10 653.44 236.17 0.00 0.00 0.00 0.00 0.00 0.00 0.00 0.37
Pedestrian 0.00 0 0.00 621.51 169.34 640.34 231.20 0.00 0.00 0.00 0.00 0.00 0.00 0.00 0.35
