Pedestrian 0.00 0 0.00 662.38 171.20 698.45 272.47 0.00 0.00 0.00 0.00 0.00 0.00 0.00 0.73
Pedestrian 0.00 0 0.00 441.19 177.29 464.88 247.85 0.00 0.00 0.00 0.00 0.00 0.00 0.00 0.71
Pedestrian 0.00 0 0.00 699.45 176.07 731.40 271.20 0.00 0.00 0.00 0.00 0.00 0.00 0.00 0.65
Pedestrian 0.00 0 0.00 0.19 287.12 64.30 372.73 0.00 0.00 0.00 0.00 0.00 0.00 0.00 0.63
Pedestrian 0.00 0 0.00 26.38 246.76 140.32 374.00 0.00 0.00 0.00 0.00 0.00 0.00 0.00 0.59
Pedestrian 0.00 0 0.00 734.67 170.08 762.07 244.78 0.00 0.00 0.00 0.00 0.00 0.00 0.00 0.46
Pedestrian 0.00 0 0.00 404.73 179.59 428.01 250.60 0.00 0.00 0.00 0.00 0.00 0.00 0.00 0.43
Pedestrian 0.00 0 0.00 84.31 193.01 133.69 291.86 0.00 0.00 0.00 0.00 0.00 0.00 0.00 0.42
Pedestrian 0.00 0 0.00 777.74 174.55 798.98 237.37 0.00 0.00 0.00 0.00 0.00 0.00 0.00 0.39
Pedestrian 0.00 0 0.00 728.36 171.08 749.29 244.98 0.00 0.00 0.00 0.00 0.00 0.00 0.00 0.38
Pedestrian 0.00 0 0.00 125.51 222.88 201.02 341.03 0.00 0.00 0.00 0.00 0.00 0.00 0.00 0.37
Pedestrian 0.00 0 0.00 659.17 171.34 700.19 244.93 0.00 0.00 0.00 0.00 0.00 0.00 0.00 0.36
Pedestrian 0.00 0 0.00 129.31 223.99 195.26 298.39 0.00 0.00 0.00 0.00 0.00 0.00 0.00 0.36
Pedestrian 0.00 0 0.00 781.74 174.49 802.61 236.24 0.00 0.00 0.00 0.00 0.00 0.00 0.00 0.32
Pedestrian 0.00 0 0.00 775.13 173.14 793.47 236.83 0.00 0.00 0.00 0.00 0.00 0.00 0.00 0.29
Pedestrian 0.00 0 0.00 86.23 221.63 132.65 291.81 0.00 0.00 0.00 0.00 0.00 0.00 0.00 0.28
Pedestrian 0.00 0 0.00 707.83 175.69 734.40 271.40 0.00 0.00 0.00 0.00 0.00 0.00 0.00 0.28
