Pedestrian 0.00 0 0.00 403.05 170.15 440.12 269.36 0.00 0.00 0.00 0.00 0.00 0.00 0.00 0.77
Pedestrian 0.00 0 0.00 690.47 177.24 717.22 264.43 0.00 0.00 0.00 0.00 0.00 0.00 0.00 0.67
Pedestrian 0.00 0 0.00 716.30 173.89 763.91 293.37 0.00 0.00 0.00 0.00 0.00 0.00 0.00 0.65
Pedestrian 0.00 0 0.00 831.22 167.79 864.89 260.24 0.00 0.00 0.00 0.00 0.00 0.00 0.00 0.65
Pedestrian 0.00 0 0.00 873.74 169.59 905.65 262.92 0.00 0.00 0.00 0.00 0.00 0.00 0.00 0.60
Pedestrian 0.00 0 0.00 336.81 173.92 366.84 236.39 0.00 0.00 0.00 0.00 0.00 0.00 0.00 0.49
Pedestrian 0.00 0 0.00 771.20 171.60 800.70 254.11 0.00 0.00 0.00 0.00 0.00 0.00 0.00 0.48
Pedestrian 0.00 0 0.00 776.75 170.87 803.32 248.55 0.00 0.00 0.00 0.00 0.00 0.00 0.00 0.44
Pedestrian 0.00 0 0.00 644.47 176.68 676.66 239.86 0.00 0.00 0.00 0.00 0.00 0.00 0.00 0.34
Pedestrian 0.00 0 0.00 747.49 174.58 775.02 288.61 0.00 0.00 0.00 0.00 0.00 0.00 0.00 0.33
Pedestrian 0.00 0 0.00 664.01 187.00 682.36 240.50 0.00 0.00 0.00 0.00 0.00 0.00 0.00 0.29
