Pedestrian 0.00 0 0.00 420.23 174.20 455.91 261.31 0.00 0.00 0.00 0.00 0.00 0.00 0.00 0.70
Pedestrian 0.00 0 0.00 735.06 179.05 769.71 280.86 0.00 0.00 0.00 0.00 0.00 0.00 0.00 0.63
Pedestrian 0.00 0 0.00 843.53 167.32 874.12 251.37 0.00 0.00 0.00 0.00 0.00 0.00 0.00 0.62
Pedestrian 0.00 0 0.00 807.07 167.54 832.49 251.17 0.00 0.00 0.00 0.00 0.00 0.00 0.00 0.58
Pedestrian 0.00 0 0.00 762.07 171.54 792.55 253.55 0.00 0.00 0.00 0.00 0.00 0.00 0.00 0.53
Pedestrian 0.00 0 0.00 708.77 175.68 740.44 288.04 0.00 0.00 0.00 0.00 0.00 0.00 0.00 0.50
Pedestrian 0.00 0 0.00 372.03 175.07 406.70 265.80 0.00 0.00 0.00 0.00 0.00 0.00 0.00 0.46
Pedestrian 0.00 0 0.00 689.15 176.45 712.30 259.20 0.00 0.00 0.00 0.00 0.00 0.00 0.00 0.43
Pedestrian 0.00 0 0.00 662.34 183.56 683.46 237.57 0.00 0.00 0.00 0.00 0.00 0.00 0.00 0.37
Pedestrian 0.00 0 0.00 645.45 175.22 667.01 237.47 0.00 0.00 0.00 0.00 0.00 0.00 0.00 0.31
Pedestrian 0.00 0 0.00 787.31 170.54 808.43 240.88 0.00 0.00 0.00 0.00 0.00 0.00 0.00 0.28
