Pedestrian 0.00 0 0.00 841.41 148.38 889.98 270.68 0.00 0.00 0.00 0.00 0.00 0.00 0.00 0.89
Pedestrian 0.00 0 0.00 551.56 148.03 578.19 227.80 0.00 0.00 0.00 0.00 0.00 0.00 0.00 0.70
Pedestrian 0.00 0 0.00 514.60 152.14 542.61 230.83 0.00 0.00 0.00 0.00 0.00 0.00 0.00 0.59
Pedestrian 0.00 0 0.00 1008.83 150.22 1123.47 352.64 0.00 0.00 0.00 0.00 0.00 0.00 0.00 0.57
Pedestrian 0.00 0 0.00 645.55 140.85 671.79 202.11 0.00 0.00 0.00 0.00 0.00 0.00 0.00 0.56
Pedestrian 0.00 0 0.00 1037.85 153.27 1131.53 353.90 0.00 0.00 0.00 0.00 0.00 0.00 0.00 0.53
Pedestrian 0.00 0 0.00 1064.61 155.71 1135.16 352.68 0.00 0.00 0.00 0.00 0.00 0.00 0.00 0.46
Pedestrian 0.00 0 0.00 432.77 142.22 456.58 203.10 0.00 0.00 0.00 0.00 0.00 0.00 0.00 0.34
Pedestrian 0.00 0 0.00 406.74 143.66 428.16 190.00 0.00 0.00 0.00 0.00 0.00 0.00 0.00 0.32
Pedestrian 0.00 0 0.00 479.79 143.98 503.11 216.00 0.00 0.00 0.00 0.00 0.00 0.00 0.00 0.28
Pedestrian 0.00 0 0.00 286.80 149.67 317.13 189.78 0.00 0.00 0.00 0.00 0.00 0.00 0.00 0.26
