Pedestrian 0.00 0 0.00 296.44 153.33 376.12 372.29 0.00 0.00 0.00 0.00 0.00 0.00 0.00 0.88
Pedestrian 0.00 0 0.00 182.18 169.98 310.26 370.99 0.00 0.00 0.00 0.00 0.00 0.00 0.00 0.86
Pedestrian 0.00 0 0.00 636.12 164.91 666.85 249.10 0.00 0.00 0.00 0.00 0.00 0.00 0.00 0.77
Pedestrian 0.00 0 0.00 676.16 167.39 706.13 245.55 0.00 0.00 0.00 0.00 0.00 0.00 0.00 0.70
Pedestrian 0.00 0 0.00 724.22 162.60 750.38 231.30 0.00 0.00 0.00 0.00 0.00 0.00 0.00 0.58
Pedestrian 0.00 0 0.00 705.50 167.17 729.69 235.60 0.00 0.00 0.00 0.00 0.00 0.00 0.00 0.52
Pedestrian 0.00 0 0.00 466.96 170.00 485.15 224.00 0.00 0.00 0.00 0.00 0.00 0.00 0.00 0.52
Pedestrian 0.00 0 0.00 668.46 170.54 685.24 227.95 0.00 0.00 0.00 0.00 0.00 0.00 0.00 0.32
Pedestrian 0.00 0 0.00 664.12 168.93 681.71 211.02 0.00 0.00 0.00 0.00 0.00 0.00 0.00 0.27
Pedestrian 0.00 0 0.00 618.30 165.94 639.77 223.28 0.00 0.00 0.00 0.00 0.00 0.00 0.00 0.26
