Pedestrian 0.00 0 0.00 866.94 163.65 974.91 373.25 0.00 0.00 0.00 0.00 0.00 0.00 0.00 0.76
Pedestrian 0.00 0 0.00 716.46 165.86 765.93 290.21 0.00 0.00 0.00 0.00 0.00 0.00 0.00 0.75
Pedestrian 0.00 0 0.00 811.94 152.24 870.97 343.39 0.00 0.00 0.00 0.00 0.00 0.00 0.00 0.75
Pedestrian 0.00 0 0.00 497.53 171.29 546.99 299.59 0.00 0.00 0.00 0.00 0.00 0.00 0.00 0.72
Pedestrian 0.00 0 0.00 643.99 166.50 694.88 322.88 0.00 0.00 0.00 0.00 0.00 0.00 0.00 0.68
Pedestrian 0.00 0 0.00 580.26 163.80 616.83 269.95 0.00 0.00 0.00 0.00 0.00 0.00 0.00 0.62
Pedestrian 0.00 0 0.00 619.16 164.68 650.77 263.78 0.00 0.00 0.00 0.00 0.00 0.00 0.00 0.49
Pedestrian 0.00 0 0.00 682.09 165.00 725.72 297.86 0.00 0.00 0.00 0.00 0.00 0.00 0.00 0.40
Pedestrian 0.00 0 0.00 514.83 190.72 549.26 296.37 0.00 0.00 0.00 0.00 0.00 0.00 0.00 0.32
Pedestrian 0.00 0 0.00 670.35 163.64 711.53 314.32 0.00 0.00 0.00 0.00 0.00 0.00 0.00 0.26
Pedestrian 0.00 0 0.00 557.78 162.62 574.73 213.41 0.00 0.00 0.00 0.00 0.00 0.00 0.00 0.25
