Pedestrian 0.00 0 0.00 652.54 145.76 722.49 291.96 0.00 0.00 0.00 0.00 0.00 0.00 0.00 0.75
Pedestrian 0.00 0 0.00 719.54 139.97 781.20 288.83 0.00 0.00 0.00 0.00 0.00 0.00 0.00 0.72
Pedestrian 0.00 0 0.00 577.75 143.69 615.01 246.23 0.00 0.00 0.00 0.00 0.00 0.00 0.00 0.68
Pedestrian 0.00 0 0.00 611.54 141.61 647.10 243.60 0.00 0.00 0.00 0.00 0.00 0.00 0.00 0.63
Pedestrian 0.00 0 0.00 520.72 140.29 552.12 236.10 0.00 0.00 0.00 0.00 0.00 0.00 0.00 0.56
Pedestrian 0.00 0 0.00 472.75 144.83 501.02 242.53 0.00 0.00 0.00 0.00 0.00 0.00 0.00 0.55
Pedestrian 0.00 0 0.00 546.40 143.00 572.33 233.34 0.00 0.00 0.00 0.00 0.00 0.00 0.00 0.40
Pedestrian 0.00 0 0.00 497.82 147.21 523.46 236.65 0.00 0.00 0.00 0.00 0.00 0.00 0.00 0.35
Pedestrian 0.00 0 0.00 555.62 146.86 581.48 233.64 0.00 0.00 0.00 0.00 0.00 0.00 0.00 0.33
Pedestrian 0.00 0 0.00 455.25 146.24 475.98 218.71 0.00 0.00 0.00 0.00 0.00 0.00 0.00 0.32
Pedestrian 0.00 0 0.00 1202.37 198.86 1223.68 270.58 0.00 0.00 0.00 0.00 0.00 0.00 0.00 0.30
