Pedestrian 0.00 0 0.00 901.58 141.06 996.59 350.25 0.00 0.00 0.00 0.00 0.00 0.00 0.00 0.84
Pedestrian 0.00 0 0.00 563.54 142.84 600.48 236.22 0.00 0.00 0.00 0.00 0.00 0.00 0.00 0.78
Pedestrian 0.00 0 0.00 837.35 140.09 899.45 370.00 0.00 0.00 0.00 0.00 0.00 0.00 0.00 0.72
Pedestrian 0.00 0 0.00 605.00 139.81 638.94 231.77 0.00 0.00 0.00 0.00 0.00 0.00 0.00 0.71
Pedestrian 0.00 0 0.00 804.11 154.78 860.93 331.99 0.00 0.00 0.00 0.00 0.00 0.00 0.00 0.61
Pedestrian 0.00 0 0.00 811.37 148.66 899.23 367.03 0.00 0.00 0.00 0.00 0.00 0.00 0.00 0.58
Pedestrian 0.00 0 0.00 525.96 144.66 555.28 223.71 0.00 0.00 0.00 0.00 0.00 0.00 0.00 0.43
Pedestrian 0.00 0 0.00 889.31 147.73 933.89 310.81 0.00 0.00 0.00 0.00 0.00 0.00 0.00 0.39
Pedestrian 0.00 0 0.00 442.27 142.64 470.41 214.24 0.00 0.00 0.00 0.00 0.00 0.00 0.00 0.39
Pedestrian 0.00 0 0.00 472.41 149.83 491.98 218.94 0.00 0.00 0.00 0.00 0.00 0.00 0.00 0.36
Pedestrian 0.00 0 0.00 488.16 144.02 515.33 221.22 0.00 0.00 0.00 0.00 0.00 0.00 0.00 0.31
