Pedestrian 0.00 0 0.00 807.85 136.41 862.98 324.06 0.00 0.00 0.00 0.00 0.00 0.00 0.00 0.82
Pedestrian 0.00 0 0.00 710.13 146.35 783.15 332.12 0.00 0.00 0.00 0.00 0.00 0.00 0.00 0.77
Pedestrian 0.00 0 0.00 1106.00 186.47 1150.04 261.83 0.00 0.00 0.00 0.00 0.00 0.00 0.00 0.70
Pedestrian 0.00 0 0.00 642.57 143.92 685.42 261.30 0.00 0.00 0.00 0.00 0.00 0.00 0.00 0.68
Pedestrian 0.00 0 0.00 610.56 145.54 653.76 260.73 0.00 0.00 0.00 0.00 0.00 0.00 0.00 0.63
Pedestrian 0.00 0 0.00 776.56 144.32 809.55 252.53 0.00 0.00 0.00 0.00 0.00 0.00 0.00 0.61
Pedestrian 0.00 0 0.00 479.47 143.07 514.85 260.88 0.00 0.00 0.00 0.00 0.00 0.00 0.00 0.56
Pedestrian 0.00 0 0.00 572.63 143.67 608.02 246.80 0.00 0.00 0.00 0.00 0.00 0.00 0.00 0.54
Pedestrian 0.00 0 0.00 531.13 142.25 569.47 248.28 0.00 0.00 0.00 0.00 0.00 0.00 0.00 0.53
Pedestrian 0.00 0 0.00 506.36 147.51 539.67 248.98 0.00 0.00 0.00 0.00 0.00 0.00 0.00 0.43
Pedestrian 0.00 0 0.00 461.14 143.84 481.56 219.84 0.00 0.00 0.00 0.00 0.00 0.00 0.00 0.41
