Pedestrian 0.00 0 0.00 21.84 160.01 122.97 371.52 0.00 0.00 0.00 0.00 0.00 0.00 0.00 0.81
Pedestrian 0.00 0 0.00 233.49 210.50 311.13 302.74 0.00 0.00 0.00 0.00 0.00 0.00 0.00 0.50
Pedestrian 0.00 0 0.00 382.37 195.27 428.51 243.30 0.00 0.00 0.00 0.00 0.00 0.00 0.00 0.41
Pedestrian 0.00 0 0.00 808.41 153.14 834.91 212.89 0.00 0.00 0.00 0.00 0.00 0.00 0.00 0.38
Pedestrian 0.00 0 0.00 709.05 188.17 735.62 243.34 0.00 0.00 0.00 0.00 0.00 0.00 0.00 0.30
Pedestrian 0.00 0 0.00 310.88 209.37 393.36 313.79 0.00 0.00 0.00 0.00 0.00 0.00 0.00 0.28
Pedestrian 0.00 0 0.00 805.02 151.93 826.44 209.95 0.00 0.00 0.00 0.00 0.00 0.00 0.00 0.27
Pedestrian 0.00 0 0.00 312.26 209.55 395.59 366.38 0.00 0.00 0.00 0.00 0.00 0.00 0.00 0.27
Pedestrian 0.00 0 0.00 232.39 211.01 320.29 372.54 0.00 0.00 0.00 0.00 0.00 0.00 0.00 0.25
Pedestrian 0.00 0 0.00 505.93 171.11 529.93 211.99 0.00 0.00 0.00 0.00 0.00 0.00 0.00 0.25
