Pedestrian 0.00 0 0.00 77.75 154.17 201.89 372.25 0.00 0.00 0.00 0.00 0.00 0.00 0.00 0.91
Pedestrian 0.00 0 0.00 230.15 179.21 371.80 370.76 0.00 0.00 0.00 0.00 0.00 0.00 0.00 0.86
Pedestrian 0.00 0 0.00 677.25 177.10 743.80 328.98 0.00 0.00 0.00 0.00 0.00 0.00 0.00 0.72
Pedestrian 0.00 0 0.00 494.99 176.17 521.60 233.76 0.00 0.00 0.00 0.00 0.00 0.00 0.00 0.53
Pedestrian 0.00 0 0.00 1129.18 137.11 1236.64 371.79 0.00 0.00 0.00 0.00 0.00 0.00 0.00 0.47
Pedestrian 0.00 0 0.00 473.39 176.43 494.27 233.97 0.00 0.00 0.00 0.00 0.00 0.00 0.00 0.46
Pedestrian 0.00 0 0.00 935.22 145.04 968.63 266.83 0.00 0.00 0.00 0.00 0.00 0.00 0.00 0.46
Pedestrian 0.00 0 0.00 599.05 176.76 617.76 233.47 0.00 0.00 0.00 0.00 0.00 0.00 0.00 0.40
Pedestrian 0.00 0 0.00 205.49 213.22 262.62 276.72 0.00 0.00 0.00 0.00 0.00 0.00 0.00 0.39
Pedestrian 0.00 0 0.00 627.81 180.06 649.92 239.33 0.00 0.00 0.00 0.00 0.00 0.00 0.00 0.29
Pedestrian 0.00 0 0.00 554.88 176.48 575.83 225.02 0.00 0.00 0.00 0.00 0.00 0.00 0.00 0.28
Pedestrian 0.00 0 0.00 501.10 187.33 523.93 233.47 0.00 0.00 0.00 0.00 0.00 0.00 0.00 0.28
Pedestrian 0.00 0 0.00 632.06 180.59 649.29 222.12 0.00 0.00 0.00 0.00 0.00 0.00 0.00 0.27
