Pedestrian 0.00 0 0.00 362.03 177.68 446.80 345.41 0.00 0.00 0.00 0.00 0.00 0.00 0.00 0.81
Pedestrian 0.00 0 0.00 212.77 162.82 320.15 373.30 0.00 0.00 0.00 0.00 0.00 0.00 0.00 0.80
Pedestrian 0.00 0 0.00 1024.75 120.06 1176.15 315.46 0.00 0.00 0.00 0.00 0.00 0.00 0.00 0.77
Pedestrian 0.00 0 0.00 911.25 148.50 951.00 257.12 0.00 0.00 0.00 0.00 0.00 0.00 0.00 0.55
Pedestrian 0.00 0 0.00 488.80 172.64 508.52 229.99 0.00 0.00 0.00 0.00 0.00 0.00 0.00 0.54
Pedestrian 0.00 0 0.00 640.21 170.90 695.98 295.08 0.00 0.00 0.00 0.00 0.00 0.00 0.00 0.53
Pedestrian 0.00 0 0.00 510.13 180.43 531.23 227.36 0.00 0.00 0.00 0.00 0.00 0.00 0.00 0.36
Pedestrian 0.00 0 0.00 599.37 176.36 618.02 231.02 0.00 0.00 0.00 0.00 0.00 0.00 0.00 0.30
Pedestrian 0.00 0 0.00 332.98 197.79 362.91 258.12 0.00 0.00 0.00 0.00 0.00 0.00 0.00 0.29
Pedestrian 0.00 0 0.00 553.35 187.82 573.86 232.59 0.00 0.00 0.00 0.00 0.00 0.00 0.00 0.26
