Pedestrian 0.00 0 0.00 798.66 155.24 836.05 249.55 0.00 0.00 0.00 0.00 0.00 0.00 0.00 0.36
Pedestrian 0.00 0 0.00 552.91 166.27 573.39 221.78 0.00 0.00 0.00 0.00 0.00 0.00 0.00 0.33
Pedestrian 0.00 0 0.00 952.03 156.94 1015.15 297.52 0.00 0.00 0.00 0.00 0.00 0.00 0.00 0.18
Pedestrian 0.00 0 0.00 578.52 164.26 607.45 233.18 0.00 0.00 0.00 0.00 0.00 0.00 0.00 0.32
Pedestrian 0.00 0 0.00 472.61 181.81 499.93 259.72 0.00 0.00 0.00 0.00 0.00 0.00 0.00 0.27
Pedestrian 0.00 0 0.00 158.68 165.42 273.53 363.36 0.00 0.00 0.00 0.00 0.00 0.00 0.00 0.04
Pedestrian 0.00 0 0.00 518.80 161.83 545.88 226.51 0.00 0.00 0.00 0.00 0.00 0.00 0.00 0.32
Pedestrian 0.00 0 0.00 704.28 152.64 727.86 211.60 0.00 0.00 0.00 0.00 0.00 0.00 0.00 0.38
Pedestrian 0.00 0 0.00 229.96 168.61 291.20 329.31 0.00 0.00 0.00 0.00 0.00 0.00 0.00 0.17
Pedestrian 0.00 0 0.00 541.86 165.07 553.14 204.44 0.00 0.00 0.00 0.00 0.00 0.00 0.00 0.35
Pedestrian 0.00 0 0.00 609.02 165.92 622.05 208.79 0.00 0.00 0.00 0.00 0.00 0.00 0.00 0.37
Pedestrian 0.00 0 0.00 576.80 163.17 593.99 205.96 0.00 0.00 0.00 0.00 0.00 0.00 0.00 0.35
Pedestrian 0.00 0 0.00 598.43 165.73 610.95 208.55 0.00 0.00 0.00 0.00 0.00 0.00 0.00 0.36
Pedestrian 0.00 0 0.00 786.81 175.32 811.07 237.57 0.00 0.00 0.00 0.00 0.00 0.00 0.00 0.36
Pedestrian 0.00 0 0.00 212.30 165.60 241.04 237.04 0.00 0.00 0.00 0.00 0.00 0.00 0.00 0.54
Pedestrian 0.00 0 0.00 429.00 171.54 478.39 295.23 0.00 0.00 0.00 0.00 0.00 0.00 0.00 0.00
