Pedestrian 0.00 0 0.00 680.98 161.94 706.02 235.02 0.00 0.00 0.00 0.00 0.00 0.00 0.00 0.05
Pedestrian 0.00 0 0.00 448.31 164.13 476.59 245.37 0.00 0.00 0.00 0.00 0.00 0.00 0.00 0.01
Pedestrian 0.00 0 0.00 718.58 161.66 733.73 205.81 0.00 0.00 0.00 0.00 0.00 0.00 0.00 0.42
Pedestrian 0.00 0 0.00 237.87 168.57 276.91 299.25 0.00 0.00 0.00 0.00 0.00 0.00 0.00 0.37
Pedestrian 0.00 0 0.00 730.60 163.69 740.86 204.12 0.00 0.00 0.00 0.00 0.00 0.00 0.00 0.45
Pedestrian 0.00 0 0.00 534.26 166.50 548.49 204.90 0.00 0.00 0.00 0.00 0.00 0.00 0.00 0.35
Pedestrian 0.00 0 0.00 386.27 164.62 408.57 216.72 0.00 0.00 0.00 0.00 0.00 0.00 0.00 0.33
Pedestrian 0.00 0 0.00 203.77 158.00 225.73 215.15 0.00 0.00 0.00 0.00 0.00 0.00 0.00 0.64
Pedestrian 0.00 0 0.00 0.45 155.26 37.70 236.01 0.00 0.00 0.00 0.00 0.00 0.00 0.00 0.68
Pedestrian 0.00 0 0.00 432.71 148.69 461.85 202.56 0.00 0.00 0.00 0.00 0.00 0.00 0.00 0.32
