Pedestrian 0.00 0 0.00 1006.37 147.84 1085.92 330.74 0.00 0.00 0.00 0.00 0.00 0.00 0.00 0.17
Pedestrian 0.00 0 0.00 688.62 168.15 706.55 220.88 0.00 0.00 0.00 0.00 0.00 0.00 0.00 0.37
Pedestrian 0.00 0 0.00 540.12 166.88 558.65 221.33 0.00 0.00 0.00 0.00 0.00 0.00 0.00 0.32
Pedestrian 0.00 0 0.00 1112.01 129.04 1149.08 239.48 0.00 0.00 0.00 0.00 0.00 0.00 0.00 0.85
Pedestrian 0.00 0 0.00 733.15 161.12 768.89 258.72 0.00 0.00 0.00 0.00 0.00 0.00 0.00 0.34
Pedestrian 0.00 0 0.00 859.38 149.60 922.94 343.92 0.00 0.00 0.00 0.00 0.00 0.00 0.00 0.30
Pedestrian 0.00 0 0.00 967.41 135.46 1017.00 265.33 0.00 0.00 0.00 0.00 0.00 0.00 0.00 0.62
Pedestrian 0.00 0 0.00 4.39 189.76 52.39 260.44 0.00 0.00 0.00 0.00 0.00 0.00 0.00 0.80
Pedestrian 0.00 0 0.00 930.21 180.22 975.28 282.94 0.00 0.00 0.00 0.00 0.00 0.00 0.00 0.34
Pedestrian 0.00 0 0.00 817.21 148.93 833.86 199.94 0.00 0.00 0.00 0.00 0.00 0.00 0.00 0.55
