Pedestrian 0.00 0 0.00 911.65 130.94 991.06 318.30 0.00 0.00 0.00 0.00 0.00 0.00 0.00 0.26
Pedestrian 0.00 0 0.00 753.41 157.11 819.25 341.62 0.00 0.00 0.00 0.00 0.00 0.00 0.00 0.20
Pedestrian 0.00 0 0.00 529.73 147.22 561.19 209.62 0.00 0.00 0.00 0.00 0.00 0.00 0.00 0.33
Pedestrian 0.00 0 0.00 622.31 148.29 697.98 352.33 0.00 0.00 0.00 0.00 0.00 0.00 0.00 0.00
Pedestrian 0.00 0 0.00 788.37 153.05 908.25 369.25 0.00 0.00 0.00 0.00 0.00 0.00 0.00 0.03
Pedestrian 0.00 0 0.00 635.57 140.85 661.12 199.68 0.00 0.00 0.00 0.00 0.00 0.00 0.00 0.39
Pedestrian 0.00 0 0.00 550.77 141.78 568.47 187.28 0.00 0.00 0.00 0.00 0.00 0.00 0.00 0.39
Pedestrian 0.00 0 0.00 481.97 151.38 497.88 188.94 0.00 0.00 0.00 0.00 0.00 0.00 0.00 0.36
Pedestrian 0.00 0 0.00 817.08 136.03 886.49 321.16 0.00 0.00 0.00 0.00 0.00 0.00 0.00 0.29
Pedestrian 0.00 0 0.00 513.93 143.72 545.21 208.02 0.00 0.00 0.00 0.00 0.00 0.00 0.00 0.33
