Pedestrian 0.00 0 0.00 351.82 167.07 373.91 222.91 0.00 0.00 0.00 0.00 0.00 0.00 0.00 0.01
Pedestrian 0.00 0 0.00 635.60 158.41 662.89 234.32 0.00 0.00 0.00 0.00 0.00 0.00 0.00 0.35
Pedestrian 0.00 0 0.00 93.41 147.18 160.21 307.47 0.00 0.00 0.00 0.00 0.00 0.00 0.00 0.14
Pedestrian 0.00 0 0.00 88.22 162.18 193.62 381.06 0.00 0.00 0.00 0.00 0.00 0.00 0.00 0.00
Pedestrian 0.00 0 0.00 10.25 166.60 67.83 351.22 0.00 0.00 0.00 0.00 0.00 0.00 0.00 0.66
Pedestrian 0.00 0 0.00 585.11 188.86 623.92 295.48 0.00 0.00 0.00 0.00 0.00 0.00 0.00 0.24
Pedestrian 0.00 0 0.00 485.02 162.26 506.72 207.25 0.00 0.00 0.00 0.00 0.00 0.00 0.00 0.33
Pedestrian 0.00 0 0.00 724.21 171.03 756.08 253.69 0.00 0.00 0.00 0.00 0.00 0.00 0.00 0.34
Pedestrian 0.00 0 0.00 439.73 169.24 453.17 198.59 0.00 0.00 0.00 0.00 0.00 0.00 0.00 0.32
Pedestrian 0.00 0 0.00 -3.80 153.19 27.13 229.54 0.00 0.00 0.00 0.00 0.00 0.00 0.00 0.89
Pedestrian 0.00 0 0.00 18.36 165.85 67.49 304.46 0.00 0.00 0.00 0.00 0.00 0.00 0.00 0.51
Pedestrian 0.00 0 0.00 533.22 175.16 559.58 236.08 0.00 0.00 0.00 0.00 0.00 0.00 0.00 0.31
Pedestrian 0.00 0 0.00 568.21 149.67 602.02 241.76 0.00 0.00 0.00 0.00 0.00 0.00 0.00 0.32
Pedestrian 0.00 0 0.00 663.90 144.88 693.27 218.66 0.00 0.00 0.00 0.00 0.00 0.00 0.00 0.38
