Pedestrian 0.00 0 0.00 710.74 157.52 748.13 274.94 0.00 0.00 0.00 0.00 0.00 0.00 0.00 0.30
Pedestrian 0.00 0 0.00 725.02 160.85 777.85 288.36 0.00 0.00 0.00 0.00 0.00 0.00 0.00 0.22
Pedestrian 0.00 0 0.00 832.36 158.70 907.60 353.09 0.00 0.00 0.00 0.00 0.00 0.00 0.00 0.19
Pedestrian 0.00 0 0.00 601.81 150.11 639.94 224.76 0.00 0.00 0.00 0.00 0.00 0.00 0.00 0.33
Pedestrian 0.00 0 0.00 9.73 168.36 92.97 366.91 0.00 0.00 0.00 0.00 0.00 0.00 0.00 0.85
Pedestrian 0.00 0 0.00 761.11 158.11 797.15 284.48 0.00 0.00 0.00 0.00 0.00 0.00 0.00 0.01
Pedestrian 0.00 0 0.00 131.92 149.30 257.34 382.32 0.00 0.00 0.00 0.00 0.00 0.00 0.00 0.00
Pedestrian 0.00 0 0.00 106.06 141.11 180.77 302.45 0.00 0.00 0.00 0.00 0.00 0.00 0.00 0.11
Pedestrian 0.00 0 0.00 803.11 161.20 854.39 325.96 0.00 0.00 0.00 0.00 0.00 0.00 0.00 0.22
Pedestrian 0.00 0 0.00 720.32 155.43 744.94 210.22 0.00 0.00 0.00 0.00 0.00 0.00 0.00 0.39
Pedestrian 0.00 0 0.00 1032.58 154.09 1078.87 266.44 0.00 0.00 0.00 0.00 0.00 0.00 0.00 0.54
Pedestrian 0.00 0 0.00 432.09 136.48 454.57 197.12 0.00 0.00 0.00 0.00 0.00 0.00 0.00 0.35
