Pedestrian 0.00 0 0.00 183.10 158.95 263.87 327.12 0.00 0.00 0.00 0.00 0.00 0.00 0.00 0.08
Pedestrian 0.00 0 0.00 763.47 164.66 794.18 245.14 0.00 0.00 0.00 0.00 0.00 0.00 0.00 0.06
Pedestrian 0.00 0 0.00 737.27 165.00 762.94 232.47 0.00 0.00 0.00 0.00 0.00 0.00 0.00 0.36
Pedestrian 0.00 0 0.00 667.14 169.10 694.31 230.71 0.00 0.00 0.00 0.00 0.00 0.00 0.00 0.34
Pedestrian 0.00 0 0.00 667.59 162.96 737.86 331.51 0.00 0.00 0.00 0.00 0.00 0.00 0.00 0.00
Pedestrian 0.00 0 0.00 821.60 146.07 860.20 250.17 0.00 0.00 0.00 0.00 0.00 0.00 0.00 0.40
Pedestrian 0.00 0 0.00 532.82 174.67 544.66 201.71 0.00 0.00 0.00 0.00 0.00 0.00 0.00 0.34
Pedestrian 0.00 0 0.00 842.87 135.31 866.86 225.29 0.00 0.00 0.00 0.00 0.00 0.00 0.00 0.58
Pedestrian 0.00 0 0.00 705.00 176.40 732.36 245.51 0.00 0.00 0.00 0.00 0.00 0.00 0.00 0.34
Pedestrian 0.00 0 0.00 914.82 146.67 983.66 281.72 0.00 0.00 0.00 0.00 0.00 0.00 0.00 0.16
Pedestrian 0.00 0 0.00 418.47 171.20 438.35 229.58 0.00 0.00 0.00 0.00 0.00 0.00 0.00 0.31
Pedestrian 0.00 0 0.00 546.88 181.92 556.42 209.04 0.00 0.00 0.00 0.00 0.00 0.00 0.00 0.33
Pedestrian 0.00 0 0.00 755.23 165.33 772.34 214.76 0.00 0.00 0.00 0.00 0.00 0.00 0.00 0.43
Pedestrian 0.00 0 0.00 141.76 184.48 183.11 271.48 0.00 0.00 0.00 0.00 0.00 0.00 0.00 0.45
