Pedestrian 0.00 0 0.00 1079.44 144.24 1184.03 381.04 0.00 0.00 0.00 0.00 0.00 0.00 0.00 0.23
Pedestrian 0.00 0 0.00 777.62 154.12 810.35 251.54 0.00 0.00 0.00 0.00 0.00 0.00 0.00 0.37
Pedestrian 0.00 0 0.00 622.37 162.11 634.75 192.49 0.00 0.00 0.00 0.00 0.00 0.00 0.00 0.38
Pedestrian 0.00 0 0.00 331.06 126.65 387.11 261.90 0.00 0.00 0.00 0.00 0.00 0.00 0.00 0.12
Pedestrian 0.00 0 0.00 602.97 162.06 615.08 192.79 0.00 0.00 0.00 0.00 0.00 0.00 0.00 0.38
Pedestrian 0.00 0 0.00 471.94 172.64 488.39 214.27 0.00 0.00 0.00 0.00 0.00 0.00 0.00 0.30
Pedestrian 0.00 0 0.00 207.98 147.55 242.11 249.59 0.00 0.00 0.00 0.00 0.00 0.00 0.00 0.44
Pedestrian 0.00 0 0.00 427.29 152.36 465.04 226.93 0.00 0.00 0.00 0.00 0.00 0.00 0.00 0.30
Pedestrian 0.00 0 0.00 521.79 161.04 539.00 201.66 0.00 0.00 0.00 0.00 0.00 0.00 0.00 0.35
Pedestrian 0.00 0 0.00 611.12 160.71 623.43 190.65 0.00 0.00 0.00 0.00 0.00 0.00 0.00 0.39
