Pedestrian 0.00 0 0.00 163.67 161.20 255.30 357.28 0.00 0.00 0.00 0.00 0.00 0.00 0.00 0.16
Pedestrian 0.00 0 0.00 900.82 146.64 942.22 249.55 0.00 0.00 0.00 0.00 0.00 0.00 0.00 0.50
Pedestrian 0.00 0 0.00 865.50 160.11 930.51 351.16 0.00 0.00 0.00 0.00 0.00 0.00 0.00 0.24
Pedestrian 0.00 0 0.00 116.57 158.21 190.79 322.66 0.00 0.00 0.00 0.00 0.00 0.00 0.00 0.10
Pedestrian 0.00 0 0.00 566.63 169.00 580.84 199.67 0.00 0.00 0.00 0.00 0.00 0.00 0.00 0.35
Pedestrian 0.00 0 0.00 -6.89 148.55 87.30 349.17 0.00 0.00 0.00 0.00 0.00 0.00 0.00 0.98
Pedestrian 0.00 0 0.00 482.95 165.90 503.79 217.61 0.00 0.00 0.00 0.00 0.00 0.00 0.00 0.02
Pedestrian 0.00 0 0.00 535.53 178.22 553.30 222.11 0.00 0.00 0.00 0.00 0.00 0.00 0.00 0.32
Pedestrian 0.00 0 0.00 295.73 201.71 370.88 364.77 0.00 0.00 0.00 0.00 0.00 0.00 0.00 0.09
Pedestrian 0.00 0 0.00 623.48 172.38 634.09 195.83 0.00 0.00 0.00 0.00 0.00 0.00 0.00 0.35
