Pedestrian 0.00 0 0.00 1105.35 98.64 1230.25 326.65 0.00 0.00 0.00 0.00 0.00 0.00 0.00 0.93
Pedestrian 0.00 0 0.00 608.01 159.61 641.46 231.08 0.00 0.00 0.00 0.00 0.00 0.00 0.00 0.33
Pedestrian 0.00 0 0.00 689.69 162.54 717.06 225.02 0.00 0.00 0.00 0.00 0.00 0.00 0.00 0.36
Pedestrian 0.00 0 0.00 655.26 161.07 682.49 232.23 0.00 0.00 0.00 0.00 0.00 0.00 0.00 0.35
Pedestrian 0.00 0 0.00 413.27 160.86 445.28 234.85 0.00 0.00 0.00 0.00 0.00 0.00 0.00 0.30
Pedestrian 0.00 0 0.00 667.47 157.69 695.03 229.40 0.00 0.00 0.00 0.00 0.00 0.00 0.00 0.36
Pedestrian 0.00 0 0.00 315.68 173.08 373.44 338.72 0.00 0.00 0.00 0.00 0.00 0.00 0.00 0.18
Pedestrian 0.00 0 0.00 727.93 149.54 751.88 205.02 0.00 0.00 0.00 0.00 0.00 0.00 0.00 0.44
Pedestrian 0.00 0 0.00 463.97 150.10 507.94 277.49 0.00 0.00 0.00 0.00 0.00 0.00 0.00 0.13
Pedestrian 0.00 0 0.00 708.45 157.40 723.10 200.46 0.00 0.00 0.00 0.00 0.00 0.00 0.00 0.44
Pedestrian 0.00 0 0.00 499.18 162.38 517.72 209.62 0.00 0.00 0.00 0.00 0.00 0.00 0.00 0.33
Pedestrian 0.00 0 0.00 149.79 215.41 234.10 365.91 0.00 0.00 0.00 0.00 0.00 0.00 0.00 0.15
Pedestrian 0.00 0 0.00 678.27 160.68 696.08 209.18 0.00 0.00 0.00 0.00 0.00 0.00 0.00 0.38
Pedestrian 0.00 0 0.00 400.38 191.23 438.74 306.37 0.00 0.00 0.00 0.00 0.00 0.00 0.00 0.22
