Pedestrian 0.00 0 0.00 568.09 165.22 604.57 251.47 0.00 0.00 0.00 0.00 0.00 0.00 0.00 0.29
Pedestrian 0.00 0 0.00 878.99 148.58 974.87 376.66 0.00 0.00 0.00 0.00 0.00 0.00 0.00 0.21
Pedestrian 0.00 0 0.00 752.85 163.82 768.50 208.63 0.00 0.00 0.00 0.00 0.00 0.00 0.00 0.45
Pedestrian 0.00 0 0.00 617.35 163.77 642.28 239.78 0.00 0.00 0.00 0.00 0.00 0.00 0.00 0.03
Pedestrian 0.00 0 0.00 698.59 162.47 711.88 204.61 0.00 0.00 0.00 0.00 0.00 0.00 0.00 0.39
Pedestrian 0.00 0 0.00 702.06 169.53 721.45 211.57 0.00 0.00 0.00 0.00 0.00 0.00 0.00 0.37
Pedestrian 0.00 0 0.00 790.08 161.15 841.65 288.66 0.00 0.00 0.00 0.00 0.00 0.00 0.00 0.24
Pedestrian 0.00 0 0.00 610.01 162.51 638.12 231.99 0.00 0.00 0.00 0.00 0.00 0.00 0.00 0.34
Pedestrian 0.00 0 0.00 113.45 180.56 159.17 280.27 0.00 0.00 0.00 0.00 0.00 0.00 0.00 0.41
Pedestrian 0.00 0 0.00 1080.83 217.27 1164.83 369.46 0.00 0.00 0.00 0.00 0.00 0.00 0.00 0.11
Pedestrian 0.00 0 0.00 588.85 167.84 599.27 192.18 0.00 0.00 0.00 0.00 0.00 0.00 0.00 0.35
