Pedestrian 0.00 0 0.00 883.94 164.57 925.53 238.18 0.00 0.00 0.00 0.00 0.00 0.00 0.00 0.10
Pedestrian 0.00 0 0.00 725.17 137.99 786.92 327.25 0.00 0.00 0.00 0.00 0.00 0.00 0.00 0.00
Pedestrian 0.00 0 0.00 933.07 147.13 1014.49 347.24 0.00 0.00 0.00 0.00 0.00 0.00 0.00 0.22
Pedestrian 0.00 0 0.00 661.16 143.48 717.23 284.56 0.00 0.00 0.00 0.00 0.00 0.00 0.00 0.20
Pedestrian 0.00 0 0.00 503.03 138.70 568.82 304.91 0.00 0.00 0.00 0.00 0.00 0.00 0.00 0.04
Pedestrian 0.00 0 0.00 808.49 136.15 867.57 324.01 0.00 0.00 0.00 0.00 0.00 0.00 0.00 0.00
Pedestrian 0.00 0 0.00 488.00 138.11 531.67 237.27 0.00 0.00 0.00 0.00 0.00 0.00 0.00 0.21
Pedestrian 0.00 0 0.00 556.41 143.22 624.94 295.55 0.00 0.00 0.00 0.00 0.00 0.00 0.00 0.08
Pedestrian 0.00 0 0.00 247.31 140.66 296.68 249.44 0.00 0.00 0.00 0.00 0.00 0.00 0.00 0.27
Pedestrian 0.00 0 0.00 609.35 133.07 640.59 228.35 0.00 0.00 0.00 0.00 0.00 0.00 0.00 0.35
Pedestrian 0.00 0 0.00 663.12 140.45 693.52 231.08 0.00 0.00 0.00 0.00 0.00 0.00 0.00 0.36
Pedestrian 0.00 0 0.00 243.38 162.22 262.78 209.92 0.00 0.00 0.00 0.00 0.00 0.00 0.00 0.56
Pedestrian 0.00 0 0.00 1013.35 145.28 1096.34 333.01 0.00 0.00 0.00 0.00 0.00 0.00 0.00 0.18
Pedestrian 0.00 0 0.00 567.18 143.51 605.75 235.96 0.00 0.00 0.00 0.00 0.00 0.00 0.00 0.31
Pedestrian 0.00 0 0.00 298.59 138.97 339.46 234.40 0.00 0.00 0.00 0.00 0.00 0.00 0.00 0.28
Pedestrian 0.00 0 0.00 310.63 140.54 331.58 198.68 0.00 0.00 0.00 0.00 0.00 0.00 0.00 0.35
Pedestrian 0.00 0 0.00 550.78 141.43 567.94 186.69 0.00 0.00 0.00 0.00 0.00 0.00 0.00 0.39
