Pedestrian 0.00 0 0.00 446.83 170.50 477.40 255.83 0.00 0.00 0.00 0.00 0.00 0.00 0.00 0.27
Pedestrian 0.00 0 0.00 520.75 180.04 540.85 233.56 0.00 0.00 0.00 0.00 0.00 0.00 0.00 0.01
Pedestrian 0.00 0 0.00 151.82 173.67 215.28 323.06 0.00 0.00 0.00 0.00 0.00 0.00 0.00 0.19
Pedestrian 0.00 0 0.00 907.47 166.25 969.14 312.99 0.00 0.00 0.00 0.00 0.00 0.00 0.00 0.19
Pedestrian 0.00 0 0.00 625.84 175.22 641.01 220.70 0.00 0.00 0.00 0.00 0.00 0.00 0.00 0.05
Pedestrian 0.00 0 0.00 389.81 192.51 421.60 265.88 0.00 0.00 0.00 0.00 0.00 0.00 0.00 0.30
Pedestrian 0.00 0 0.00 578.23 177.09 601.01 219.18 0.00 0.00 0.00 0.00 0.00 0.00 0.00 0.33
Pedestrian 0.00 0 0.00 331.64 152.81 389.68 293.60 0.00 0.00 0.00 0.00 0.00 0.00 0.00 0.19
Pedestrian 0.00 0 0.00 596.42 184.37 609.35 222.09 0.00 0.00 0.00 0.00 0.00 0.00 0.00 0.33
Pedestrian 0.00 0 0.00 697.46 176.38 712.56 222.21 0.00 0.00 0.00 0.00 0.00 0.00 0.00 0.37
