Pedestrian 0.00 0 0.00 560.91 158.69 597.45 260.15 0.00 0.00 0.00 0.00 0.00 0.00 0.00 0.01
Pedestrian 0.00 0 0.00 911.62 143.97 1007.41 380.46 0.00 0.00 0.00 0.00 0.00 0.00 0.00 0.27
Pedestrian 0.00 0 0.00 816.96 159.52 872.84 297.53 0.00 0.00 0.00 0.00 0.00 0.00 0.00 0.21
Pedestrian 0.00 0 0.00 598.45 160.14 623.92 241.95 0.00 0.00 0.00 0.00 0.00 0.00 0.00 0.33
Pedestrian 0.00 0 0.00 705.12 162.41 722.39 204.65 0.00 0.00 0.00 0.00 0.00 0.00 0.00 0.40
Pedestrian 0.00 0 0.00 603.44 170.72 633.17 245.84 0.00 0.00 0.00 0.00 0.00 0.00 0.00 0.31
Pedestrian 0.00 0 0.00 763.22 159.28 776.30 205.74 0.00 0.00 0.00 0.00 0.00 0.00 0.00 0.48
Pedestrian 0.00 0 0.00 714.48 164.84 729.53 214.89 0.00 0.00 0.00 0.00 0.00 0.00 0.00 0.38
Pedestrian 0.00 0 0.00 617.73 165.72 628.94 190.88 0.00 0.00 0.00 0.00 0.00 0.00 0.00 0.37
Pedestrian 0.00 0 0.00 96.24 136.26 154.70 272.59 0.00 0.00 0.00 0.00 0.00 0.00 0.00 0.19
Pedestrian 0.00 0 0.00 594.14 163.99 603.62 189.83 0.00 0.00 0.00 0.00 0.00 0.00 0.00 0.36
Pedestrian 0.00 0 0.00 586.39 161.68 594.63 188.34 0.00 0.00 0.00 0.00 0.00 0.00 0.00 0.37
