Pedestrian 0.00 0 0.00 405.05 167.69 444.73 272.33 0.00 0.00 0.00 0.00 0.00 0.00 0.00 0.23
Pedestrian 0.00 0 0.00 675.71 166.41 709.86 259.01 0.00 0.00 0.00 0.00 0.00 0.00 0.00 0.33
Pedestrian 0.00 0 0.00 715.45 167.09 755.56 265.50 0.00 0.00 0.00 0.00 0.00 0.00 0.00 0.03
Pedestrian 0.00 0 0.00 511.63 167.04 534.20 213.30 0.00 0.00 0.00 0.00 0.00 0.00 0.00 0.33
Pedestrian 0.00 0 0.00 741.99 163.82 766.51 214.46 0.00 0.00 0.00 0.00 0.00 0.00 0.00 0.39
Pedestrian 0.00 0 0.00 753.98 164.83 777.21 216.08 0.00 0.00 0.00 0.00 0.00 0.00 0.00 0.41
Pedestrian 0.00 0 0.00 660.05 170.82 672.21 199.02 0.00 0.00 0.00 0.00 0.00 0.00 0.00 0.38
Pedestrian 0.00 0 0.00 777.54 154.89 804.68 215.69 0.00 0.00 0.00 0.00 0.00 0.00 0.00 0.46
Pedestrian 0.00 0 0.00 448.20 185.72 458.94 214.70 0.00 0.00 0.00 0.00 0.00 0.00 0.00 0.31
Pedestrian 0.00 0 0.00 286.24 161.52 304.26 201.95 0.00 0.00 0.00 0.00 0.00 0.00 0.00 0.42
Pedestrian 0.00 0 0.00 456.30 175.95 468.12 207.19 0.00 0.00 0.00 0.00 0.00 0.00 0.00 0.31
