Pedestrian 0.00 0 0.00 798.94 153.29 823.74 231.50 0.00 0.00 0.00 0.00 0.00 0.00 0.00 0.43
Pedestrian 0.00 0 0.00 585.45 159.29 598.61 195.11 0.00 0.00 0.00 0.00 0.00 0.00 0.00 0.38
Pedestrian 0.00 0 0.00 512.05 166.34 527.20 207.39 0.00 0.00 0.00 0.00 0.00 0.00 0.00 0.33
Pedestrian 0.00 0 0.00 597.20 160.63 610.93 197.54 0.00 0.00 0.00 0.00 0.00 0.00 0.00 0.38
Pedestrian 0.00 0 0.00 971.36 165.27 1028.98 307.21 0.00 0.00 0.00 0.00 0.00 0.00 0.00 0.23
Pedestrian 0.00 0 0.00 528.16 168.45 545.65 214.50 0.00 0.00 0.00 0.00 0.00 0.00 0.00 0.33
Pedestrian 0.00 0 0.00 935.60 163.30 970.01 238.34 0.00 0.00 0.00 0.00 0.00 0.00 0.00 0.50
Pedestrian 0.00 0 0.00 380.53 153.51 406.64 230.03 0.00 0.00 0.00 0.00 0.00 0.00 0.00 0.30
Pedestrian 0.00 0 0.00 662.54 159.62 672.89 188.90 0.00 0.00 0.00 0.00 0.00 0.00 0.00 0.43
Pedestrian 0.00 0 0.00 1146.48 148.59 1219.70 318.98 0.00 0.00 0.00 0.00 0.00 0.00 0.00 0.47
