Pedestrian 0.00 0 0.00 655.04 170.77 680.12 245.38 0.00 0.00 0.00 0.00 0.00 0.00 0.00 0.33
Pedestrian 0.00 0 0.00 608.75 164.41 631.39 223.90 0.00 0.00 0.00 0.00 0.00 0.00 0.00 0.35
Pedestrian 0.00 0 0.00 627.99 164.10 657.96 249.98 0.00 0.00 0.00 0.00 0.00 0.00 0.00 0.33
Pedestrian 0.00 0 0.00 709.97 163.46 739.05 233.70 0.00 0.00 0.00 0.00 0.00 0.00 0.00 0.36
Pedestrian 0.00 0 0.00 439.90 171.52 465.50 233.11 0.00 0.00 0.00 0.00 0.00 0.00 0.00 0.30
Pedestrian 0.00 0 0.00 218.30 171.33 247.26 271.02 0.00 0.00 0.00 0.00 0.00 0.00 0.00 0.48
Pedestrian 0.00 0 0.00 222.92 208.37 284.42 369.19 0.00 0.00 0.00 0.00 0.00 0.00 0.00 0.24
Pedestrian 0.00 0 0.00 671.58 161.98 698.21 249.67 0.00 0.00 0.00 0.00 0.00 0.00 0.00 0.34
Pedestrian 0.00 0 0.00 419.24 171.73 446.25 231.90 0.00 0.00 0.00 0.00 0.00 0.00 0.00 0.31
Pedestrian 0.00 0 0.00 739.48 161.75 766.60 222.55 0.00 0.00 0.00 0.00 0.00 0.00 0.00 0.37
Pedestrian 0.00 0 0.00 33.58 125.71 224.00 348.08 0.00 0.00 0.00 0.00 0.00 0.00 0.00 0.68
Pedestrian 0.00 0 0.00 696.79 169.18 718.35 241.33 0.00 0.00 0.00 0.00 0.00 0.00 0.00 0.34
Pedestrian 0.00 0 0.00 674.56 173.67 707.37 256.92 0.00 0.00 0.00 0.00 0.00 0.00 0.00 0.33
Pedestrian 0.00 0 0.00 1122.12 90.62 1233.52 306.36 0.00 0.00 0.00 0.00 0.00 0.00 0.00 0.97
Pedestrian 0.00 0 0.00 667.52 170.46 683.64 219.84 0.00 0.00 0.00 0.00 0.00 0.00 0.00 0.37
Pedestrian 0.00 0 0.00 1050.75 139.38 1087.89 236.56 0.00 0.00 0.00 0.00 0.00 0.00 0.00 0.60
Pedestrian 0.00 0 0.00 472.82 154.31 485.15 193.36 0.00 0.00 0.00 0.00 0.00 0.00 0.00 0.35
