Pedestrian 0.00 0 0.00 130.77 179.31 165.85 255.27 0.00 0.00 0.00 0.00 0.00 0.00 0.00 0.01
Pedestrian 0.00 0 0.00 81.47 176.25 125.91 258.08 0.00 0.00 0.00 0.00 0.00 0.00 0.00 0.41
Pedestrian 0.00 0 0.00 157.75 181.99 187.62 249.51 0.00 0.00 0.00 0.00 0.00 0.00 0.00 0.61
Pedestrian 0.00 0 0.00 237.51 168.50 266.35 243.37 0.00 0.00 0.00 0.00 0.00 0.00 0.00 0.48
Pedestrian 0.00 0 0.00 593.99 158.10 644.42 243.99 0.00 0.00 0.00 0.00 0.00 0.00 0.00 0.03
Pedestrian 0.00 0 0.00 371.99 173.64 393.77 239.02 0.00 0.00 0.00 0.00 0.00 0.00 0.00 0.32
Pedestrian 0.00 0 0.00 396.99 153.75 432.64 244.27 0.00 0.00 0.00 0.00 0.00 0.00 0.00 0.28
Pedestrian 0.00 0 0.00 181.62 153.00 201.74 186.27 0.00 0.00 0.00 0.00 0.00 0.00 0.00 0.81
Pedestrian 0.00 0 0.00 1121.24 125.14 1162.95 211.17 0.00 0.00 0.00 0.00 0.00 0.00 0.00 0.91
Pedestrian 0.00 0 0.00 854.67 135.87 885.90 220.05 0.00 0.00 0.00 0.00 0.00 0.00 0.00 0.54
Pedestrian 0.00 0 0.00 306.09 162.83 344.63 253.07 0.00 0.00 0.00 0.00 0.00 0.00 0.00 0.28
Pedestrian 0.00 0 0.00 1188.42 141.03 1221.97 210.44 0.00 0.00 0.00 0.00 0.00 0.00 0.00 0.95
