Pedestrian 0.00 0 0.00 285.89 164.64 343.31 310.49 0.00 0.00 0.00 0.00 0.00 0.00 0.00 0.00
Pedestrian 0.00 0 0.00 824.69 154.17 857.51 231.05 0.00 0.00 0.00 0.00 0.00 0.00 0.00 0.44
Pedestrian 0.00 0 0.00 750.48 159.76 786.06 276.33 0.00 0.00 0.00 0.00 0.00 0.00 0.00 0.31
Pedestrian 0.00 0 0.00 830.11 160.84 910.37 353.73 0.00 0.00 0.00 0.00 0.00 0.00 0.00 0.15
Pedestrian 0.00 0 0.00 267.75 164.00 306.25 273.40 0.00 0.00 0.00 0.00 0.00 0.00 0.00 0.33
Pedestrian 0.00 0 0.00 557.67 170.34 568.66 198.29 0.00 0.00 0.00 0.00 0.00 0.00 0.00 0.35
Pedestrian 0.00 0 0.00 487.36 169.48 502.40 209.78 0.00 0.00 0.00 0.00 0.00 0.00 0.00 0.32
Pedestrian 0.00 0 0.00 396.44 191.11 435.20 303.35 0.00 0.00 0.00 0.00 0.00 0.00 0.00 0.22
Pedestrian 0.00 0 0.00 -58.76 117.12 193.92 354.04 0.00 0.00 0.00 0.00 0.00 0.00 0.00 1.00
Pedestrian 0.00 0 0.00 209.44 157.05 263.41 285.40 0.00 0.00 0.00 0.00 0.00 0.00 0.00 0.22
