Pedestrian 0.00 0 0.00 1103.64 144.32 1204.05 382.48 0.00 0.00 0.00 0.00 0.00 0.00 0.00 0.27
Pedestrian 0.00 0 0.00 627.47 166.18 644.38 215.34 0.00 0.00 0.00 0.00 0.00 0.00 0.00 0.06
Pedestrian 0.00 0 0.00 285.17 161.37 334.58 299.55 0.00 0.00 0.00 0.00 0.00 0.00 0.00 0.23
Pedestrian 0.00 0 0.00 649.05 169.11 675.47 227.76 0.00 0.00 0.00 0.00 0.00 0.00 0.00 0.34
Pedestrian 0.00 0 0.00 567.06 165.92 584.67 219.50 0.00 0.00 0.00 0.00 0.00 0.00 0.00 0.33
Pedestrian 0.00 0 0.00 511.24 173.61 532.31 235.16 0.00 0.00 0.00 0.00 0.00 0.00 0.00 0.29
Pedestrian 0.00 0 0.00 620.05 161.71 633.00 197.20 0.00 0.00 0.00 0.00 0.00 0.00 0.00 0.38
Pedestrian 0.00 0 0.00 582.05 170.83 599.67 216.49 0.00 0.00 0.00 0.00 0.00 0.00 0.00 0.34
Pedestrian 0.00 0 0.00 643.12 164.55 656.29 195.86 0.00 0.00 0.00 0.00 0.00 0.00 0.00 0.38
Pedestrian 0.00 0 0.00 719.12 161.33 733.38 194.53 0.00 0.00 0.00 0.00 0.00 0.00 0.00 0.49
