Pedestrian 0.00 0 0.00 500.66 170.05 522.76 234.58 0.00 0.00 0.00 0.00 0.00 0.00 0.00 0.01
Pedestrian 0.00 0 0.00 659.40 171.17 677.75 228.75 0.00 0.00 0.00 0.00 0.00 0.00 0.00 0.34
Pedestrian 0.00 0 0.00 572.07 172.84 587.84 203.64 0.00 0.00 0.00 0.00 0.00 0.00 0.00 0.34
Pedestrian 0.00 0 0.00 681.06 170.60 704.40 229.57 0.00 0.00 0.00 0.00 0.00 0.00 0.00 0.35
Pedestrian 0.00 0 0.00 837.43 193.26 894.48 374.77 0.00 0.00 0.00 0.00 0.00 0.00 0.00 0.17
Pedestrian 0.00 0 0.00 588.41 172.54 603.29 200.02 0.00 0.00 0.00 0.00 0.00 0.00 0.00 0.34
Pedestrian 0.00 0 0.00 -12.50 196.22 36.40 281.89 0.00 0.00 0.00 0.00 0.00 0.00 0.00 0.98
Pedestrian 0.00 0 0.00 802.47 150.42 818.20 199.17 0.00 0.00 0.00 0.00 0.00 0.00 0.00 0.54
Pedestrian 0.00 0 0.00 785.27 156.03 809.00 205.13 0.00 0.00 0.00 0.00 0.00 0.00 0.00 0.51
Pedestrian 0.00 0 0.00 1123.92 163.32 1209.61 344.43 0.00 0.00 0.00 0.00 0.00 0.00 0.00 0.11
Pedestrian 0.00 0 0.00 485.37 160.27 499.21 196.11 0.00 0.00 0.00 0.00 0.00 0.00 0.00 0.35
