Pedestrian 0.00 0 0.00 1004.81 144.11 1092.94 369.57 0.00 0.00 0.00 0.00 0.00 0.00 0.00 0.30
Pedestrian 0.00 0 0.00 611.73 165.49 679.30 302.15 0.00 0.00 0.00 0.00 0.00 0.00 0.00 0.09
Pedestrian 0.00 0 0.00 924.04 115.29 1020.53 341.95 0.00 0.00 0.00 0.00 0.00 0.00 0.00 0.77
Pedestrian 0.00 0 0.00 514.66 166.66 530.71 219.63 0.00 0.00 0.00 0.00 0.00 0.00 0.00 0.31
Pedestrian 0.00 0 0.00 292.73 148.49 369.26 342.83 0.00 0.00 0.00 0.00 0.00 0.00 0.00 0.15
Pedestrian 0.00 0 0.00 551.60 166.30 569.12 222.55 0.00 0.00 0.00 0.00 0.00 0.00 0.00 0.32
Pedestrian 0.00 0 0.00 468.09 168.68 487.52 223.19 0.00 0.00 0.00 0.00 0.00 0.00 0.00 0.29
Pedestrian 0.00 0 0.00 722.90 149.30 753.30 212.23 0.00 0.00 0.00 0.00 0.00 0.00 0.00 0.38
Pedestrian 0.00 0 0.00 586.95 169.99 606.87 228.19 0.00 0.00 0.00 0.00 0.00 0.00 0.00 0.03
Pedestrian 0.00 0 0.00 361.32 194.01 410.15 320.80 0.00 0.00 0.00 0.00 0.00 0.00 0.00 0.22
Pedestrian 0.00 0 0.00 571.96 163.02 587.54 207.24 0.00 0.00 0.00 0.00 0.00 0.00 0.00 0.35
Pedestrian 0.00 0 0.00 1108.77 99.00 1231.63 329.24 0.00 0.00 0.00 0.00 0.00 0.00 0.00 0.94
Pedestrian 0.00 0 0.00 576.74 168.11 598.47 223.33 0.00 0.00 0.00 0.00 0.00 0.00 0.00 0.33
Pedestrian 0.00 0 0.00 660.51 163.36 679.70 213.04 0.00 0.00 0.00 0.00 0.00 0.00 0.00 0.37
Pedestrian 0.00 0 0.00 845.34 158.34 891.76 251.75 0.00 0.00 0.00 0.00 0.00 0.00 0.00 0.34
Pedestrian 0.00 0 0.00 599.38 171.35 619.84 225.82 0.00 0.00 0.00 0.00 0.00 0.00 0.00 0.33
Pedestrian 0.00 0 0.00 625.49 164.32 641.79 206.00 0.00 0.00 0.00 0.00 0.00 0.00 0.00 0.37
Pedestrian 0.00 0 0.00 1032.99 123.58 1070.21 217.92 0.00 0.00 0.00 0.00 0.00 0.00 0.00 0.77
Pedestrian 0.00 0 0.00 199.94 172.37 258.48 315.17 0.00 0.00 0.00 0.00 0.00 0.00 0.00 0.19
