Pedestrian 0.00 0 0.00 731.02 151.75 789.91 305.74 0.00 0.00 0.00 0.00 0.00 0.00 0.00 0.18
Pedestrian 0.00 0 0.00 766.93 157.05 805.65 267.53 0.00 0.00 0.00 0.00 0.00 0.00 0.00 0.32
Pedestrian 0.00 0 0.00 712.73 153.70 755.85 280.10 0.00 0.00 0.00 0.00 0.00 0.00 0.00 0.27
Pedestrian 0.00 0 0.00 813.13 152.88 886.37 340.37 0.00 0.00 0.00 0.00 0.00 0.00 0.00 0.20
Pedestrian 0.00 0 0.00 707.37 151.81 726.67 210.71 0.00 0.00 0.00 0.00 0.00 0.00 0.00 0.38
Pedestrian 0.00 0 0.00 773.72 161.54 822.42 289.91 0.00 0.00 0.00 0.00 0.00 0.00 0.00 0.26
Pedestrian 0.00 0 0.00 867.35 143.92 956.08 376.55 0.00 0.00 0.00 0.00 0.00 0.00 0.00 0.30
Pedestrian 0.00 0 0.00 827.55 154.39 866.22 272.23 0.00 0.00 0.00 0.00 0.00 0.00 0.00 0.37
Pedestrian 0.00 0 0.00 571.93 145.62 606.15 226.75 0.00 0.00 0.00 0.00 0.00 0.00 0.00 0.34
Pedestrian 0.00 0 0.00 -12.62 108.82 94.78 283.15 0.00 0.00 0.00 0.00 0.00 0.00 0.00 0.99
Pedestrian 0.00 0 0.00 750.82 145.65 786.84 239.03 0.00 0.00 0.00 0.00 0.00 0.00 0.00 0.37
Pedestrian 0.00 0 0.00 688.88 154.24 702.49 199.69 0.00 0.00 0.00 0.00 0.00 0.00 0.00 0.42
Pedestrian 0.00 0 0.00 809.76 146.71 836.53 230.66 0.00 0.00 0.00 0.00 0.00 0.00 0.00 0.49
Pedestrian 0.00 0 0.00 727.37 163.57 762.08 243.38 0.00 0.00 0.00 0.00 0.00 0.00 0.00 0.36
