Pedestrian 0.00 0 0.00 489.53 157.60 523.37 248.15 0.00 0.00 0.00 0.00 0.00 0.00 0.00 0.27
Pedestrian 0.00 0 0.00 738.41 142.83 770.12 234.29 0.00 0.00 0.00 0.00 0.00 0.00 0.00 0.38
Pedestrian 0.00 0 0.00 849.39 145.88 909.18 279.62 0.00 0.00 0.00 0.00 0.00 0.00 0.00 0.19
Pedestrian 0.00 0 0.00 563.33 161.23 606.45 255.06 0.00 0.00 0.00 0.00 0.00 0.00 0.00 0.25
Pedestrian 0.00 0 0.00 361.86 155.63 391.63 255.60 0.00 0.00 0.00 0.00 0.00 0.00 0.00 0.24
Pedestrian 0.00 0 0.00 31.44 132.10 195.41 348.23 0.00 0.00 0.00 0.00 0.00 0.00 0.00 0.89
Pedestrian 0.00 0 0.00 565.64 162.24 582.17 214.04 0.00 0.00 0.00 0.00 0.00 0.00 0.00 0.34
Pedestrian 0.00 0 0.00 806.74 152.29 836.51 221.06 0.00 0.00 0.00 0.00 0.00 0.00 0.00 0.46
Pedestrian 0.00 0 0.00 626.31 161.68 636.77 189.30 0.00 0.00 0.00 0.00 0.00 0.00 0.00 0.39
Pedestrian 0.00 0 0.00 548.24 160.69 563.54 209.80 0.00 0.00 0.00 0.00 0.00 0.00 0.00 0.35
Pedestrian 0.00 0 0.00 585.39 162.98 604.75 211.55 0.00 0.00 0.00 0.00 0.00 0.00 0.00 0.35
Pedestrian 0.00 0 0.00 839.43 179.90 870.35 265.32 0.00 0.00 0.00 0.00 0.00 0.00 0.00 0.35
Pedestrian 0.00 0 0.00 665.99 155.95 683.50 199.69 0.00 0.00 0.00 0.00 0.00 0.00 0.00 0.39
Pedestrian 0.00 0 0.00 406.58 180.73 435.97 257.31 0.00 0.00 0.00 0.00 0.00 0.00 0.00 0.29
Pedestrian 0.00 0 0.00 632.26 159.03 666.89 219.33 0.00 0.00 0.00 0.00 0.00 0.00 0.00 0.34
Pedestrian 0.00 0 0.00 708.95 143.81 727.99 197.61 0.00 0.00 0.00 0.00 0.00 0.00 0.00 0.47
Pedestrian 0.00 0 0.00 345.32 182.39 400.78 315.50 0.00 0.00 0.00 0.00 0.00 0.00 0.00 0.22
Pedestrian 0.00 0 0.00 599.05 162.22 621.38 210.38 0.00 0.00 0.00 0.00 0.00 0.00 0.00 0.35
Pedestrian 0.00 0 0.00 780.04 150.63 816.74 213.78 0.00 0.00 0.00 0.00 0.00 0.00 0.00 0.46
Pedestrian 0.00 0 0.00 463.07 178.38 492.20 260.86 0.00 0.00 0.00 0.00 0.00 0.00 0.00 0.27
