Pedestrian 0.00 0 0.00 545.29 143.08 581.17 232.31 0.00 0.00 0.00 0.00 0.00 0.00 0.00 0.02
Pedestrian 0.00 0 0.00 768.61 132.61 851.53 315.39 0.00 0.00 0.00 0.00 0.00 0.00 0.00 0.20
Pedestrian 0.00 0 0.00 583.48 138.31 616.89 225.81 0.00 0.00 0.00 0.00 0.00 0.00 0.00 0.04
Pedestrian 0.00 0 0.00 675.27 140.79 699.30 200.51 0.00 0.00 0.00 0.00 0.00 0.00 0.00 0.39
Pedestrian 0.00 0 0.00 445.19 139.38 476.91 208.79 0.00 0.00 0.00 0.00 0.00 0.00 0.00 0.32
Pedestrian 0.00 0 0.00 710.03 128.83 782.19 326.50 0.00 0.00 0.00 0.00 0.00 0.00 0.00 0.33
Pedestrian 0.00 0 0.00 509.76 139.52 540.97 218.03 0.00 0.00 0.00 0.00 0.00 0.00 0.00 0.32
Pedestrian 0.00 0 0.00 450.49 149.31 477.68 221.35 0.00 0.00 0.00 0.00 0.00 0.00 0.00 0.31
Pedestrian 0.00 0 0.00 429.19 144.63 458.32 220.60 0.00 0.00 0.00 0.00 0.00 0.00 0.00 0.30
Pedestrian 0.00 0 0.00 771.51 139.52 832.75 297.17 0.00 0.00 0.00 0.00 0.00 0.00 0.00 0.22
Pedestrian 0.00 0 0.00 574.91 143.61 594.67 208.29 0.00 0.00 0.00 0.00 0.00 0.00 0.00 0.36
Pedestrian 0.00 0 0.00 536.99 147.52 563.28 214.39 0.00 0.00 0.00 0.00 0.00 0.00 0.00 0.35
Pedestrian 0.00 0 0.00 488.26 148.02 513.39 218.68 0.00 0.00 0.00 0.00 0.00 0.00 0.00 0.34
Pedestrian 0.00 0 0.00 252.45 135.94 330.47 240.96 0.00 0.00 0.00 0.00 0.00 0.00 0.00 0.20
