Pedestrian 0.00 0 0.00 253.68 153.76 331.17 336.28 0.00 0.00 0.00 0.00 0.00 0.00 0.00 0.12
Pedestrian 0.00 0 0.00 701.35 165.17 741.76 277.14 0.00 0.00 0.00 0.00 0.00 0.00 0.00 0.29
Pedestrian 0.00 0 0.00 722.37 170.69 770.79 296.75 0.00 0.00 0.00 0.00 0.00 0.00 0.00 0.01
Pedestrian 0.00 0 0.00 125.80 156.14 183.97 331.76 0.00 0.00 0.00 0.00 0.00 0.00 0.00 0.17
Pedestrian 0.00 0 0.00 627.53 160.42 657.22 231.68 0.00 0.00 0.00 0.00 0.00 0.00 0.00 0.35
Pedestrian 0.00 0 0.00 802.27 157.93 870.86 346.64 0.00 0.00 0.00 0.00 0.00 0.00 0.00 0.21
Pedestrian 0.00 0 0.00 780.13 169.39 840.09 320.04 0.00 0.00 0.00 0.00 0.00 0.00 0.00 0.17
Pedestrian 0.00 0 0.00 1090.28 143.63 1183.18 381.48 0.00 0.00 0.00 0.00 0.00 0.00 0.00 0.35
Pedestrian 0.00 0 0.00 687.76 163.15 706.78 211.18 0.00 0.00 0.00 0.00 0.00 0.00 0.00 0.38
Pedestrian 0.00 0 0.00 752.33 169.89 785.56 280.01 0.00 0.00 0.00 0.00 0.00 0.00 0.00 0.31
Pedestrian 0.00 0 0.00 671.21 162.86 688.70 210.09 0.00 0.00 0.00 0.00 0.00 0.00 0.00 0.38
Pedestrian 0.00 0 0.00 725.58 161.97 742.91 214.11 0.00 0.00 0.00 0.00 0.00 0.00 0.00 0.39
Pedestrian 0.00 0 0.00 741.44 156.72 778.56 241.47 0.00 0.00 0.00 0.00 0.00 0.00 0.00 0.36
Pedestrian 0.00 0 0.00 998.27 159.87 1035.58 261.71 0.00 0.00 0.00 0.00 0.00 0.00 0.00 0.53
Pedestrian 0.00 0 0.00 214.53 167.25 249.06 254.96 0.00 0.00 0.00 0.00 0.00 0.00 0.00 0.51
Pedestrian 0.00 0 0.00 657.74 170.05 668.06 200.12 0.00 0.00 0.00 0.00 0.00 0.00 0.00 0.38
Pedestrian 0.00 0 0.00 292.72 132.33 329.58 237.48 0.00 0.00 0.00 0.00 0.00 0.00 0.00 0.22
