Pedestrian 0.00 0 0.00 686.09 139.15 725.17 241.13 0.00 0.00 0.00 0.00 0.00 0.00 0.00 0.32
Pedestrian 0.00 0 0.00 766.52 150.67 822.16 308.89 0.00 0.00 0.00 0.00 0.00 0.00 0.00 0.21
Pedestrian 0.00 0 0.00 516.83 141.07 552.53 242.45 0.00 0.00 0.00 0.00 0.00 0.00 0.00 0.28
Pedestrian 0.00 0 0.00 532.88 147.59 598.55 338.66 0.00 0.00 0.00 0.00 0.00 0.00 0.00 0.03
Pedestrian 0.00 0 0.00 822.40 143.89 888.46 356.79 0.00 0.00 0.00 0.00 0.00 0.00 0.00 0.39
Pedestrian 0.00 0 0.00 589.10 140.73 668.22 316.63 0.00 0.00 0.00 0.00 0.00 0.00 0.00 0.07
Pedestrian 0.00 0 0.00 1070.71 138.35 1201.58 377.10 0.00 0.00 0.00 0.00 0.00 0.00 0.00 0.00
Pedestrian 0.00 0 0.00 425.16 151.83 441.27 188.25 0.00 0.00 0.00 0.00 0.00 0.00 0.00 0.33
Pedestrian 0.00 0 0.00 653.67 142.74 678.83 200.67 0.00 0.00 0.00 0.00 0.00 0.00 0.00 0.39
Pedestrian 0.00 0 0.00 250.62 138.07 305.60 245.36 0.00 0.00 0.00 0.00 0.00 0.00 0.00 0.27
Pedestrian 0.00 0 0.00 549.95 140.59 567.10 186.58 0.00 0.00 0.00 0.00 0.00 0.00 0.00 0.39
Pedestrian 0.00 0 0.00 595.78 142.45 641.16 239.61 0.00 0.00 0.00 0.00 0.00 0.00 0.00 0.28
Pedestrian 0.00 0 0.00 680.35 158.73 735.16 300.82 0.00 0.00 0.00 0.00 0.00 0.00 0.00 0.20
Pedestrian 0.00 0 0.00 814.64 152.62 851.50 223.69 0.00 0.00 0.00 0.00 0.00 0.00 0.00 0.46
