Pedestrian 0.00 0 0.00 796.57 140.60 852.99 265.41 0.00 0.00 0.00 0.00 0.00 0.00 0.00 0.21
Pedestrian 0.00 0 0.00 601.88 162.53 618.44 216.03 0.00 0.00 0.00 0.00 0.00 0.00 0.00 0.35
Pedestrian 0.00 0 0.00 495.31 165.05 512.36 215.04 0.00 0.00 0.00 0.00 0.00 0.00 0.00 0.32
Pedestrian 0.00 0 0.00 347.12 163.69 418.34 316.05 0.00 0.00 0.00 0.00 0.00 0.00 0.00 0.00
Pedestrian 0.00 0 0.00 631.51 161.34 645.52 203.54 0.00 0.00 0.00 0.00 0.00 0.00 0.00 0.38
Pedestrian 0.00 0 0.00 384.44 173.34 423.66 288.83 0.00 0.00 0.00 0.00 0.00 0.00 0.00 0.21
Pedestrian 0.00 0 0.00 401.37 174.37 429.07 252.17 0.00 0.00 0.00 0.00 0.00 0.00 0.00 0.29
Pedestrian 0.00 0 0.00 576.39 165.56 594.37 218.51 0.00 0.00 0.00 0.00 0.00 0.00 0.00 0.34
Pedestrian 0.00 0 0.00 1041.08 127.25 1110.39 280.99 0.00 0.00 0.00 0.00 0.00 0.00 0.00 0.61
Pedestrian 0.00 0 0.00 305.89 165.47 333.45 244.86 0.00 0.00 0.00 0.00 0.00 0.00 0.00 0.33
Pedestrian 0.00 0 0.00 623.23 170.13 648.18 240.09 0.00 0.00 0.00 0.00 0.00 0.00 0.00 0.33
Pedestrian 0.00 0 0.00 338.82 174.81 359.72 240.06 0.00 0.00 0.00 0.00 0.00 0.00 0.00 0.34
Pedestrian 0.00 0 0.00 716.27 173.99 749.33 248.88 0.00 0.00 0.00 0.00 0.00 0.00 0.00 0.34
Pedestrian 0.00 0 0.00 1150.99 137.04 1223.93 318.87 0.00 0.00 0.00 0.00 0.00 0.00 0.00 0.78
Pedestrian 0.00 0 0.00 667.51 171.49 687.31 228.65 0.00 0.00 0.00 0.00 0.00 0.00 0.00 0.35
