Pedestrian 0.00 0 0.00 674.74 163.11 691.90 226.14 0.00 0.00 0.00 0.00 0.00 0.00 0.00 0.35
Pedestrian 0.00 0 0.00 586.65 158.77 610.54 225.62 0.00 0.00 0.00 0.00 0.00 0.00 0.00 0.34
Pedestrian 0.00 0 0.00 1023.72 115.32 1125.28 325.75 0.00 0.00 0.00 0.00 0.00 0.00 0.00 0.31
Pedestrian 0.00 0 0.00 949.47 128.95 1054.01 383.70 0.00 0.00 0.00 0.00 0.00 0.00 0.00 0.00
Pedestrian 0.00 0 0.00 492.74 161.26 530.48 251.98 0.00 0.00 0.00 0.00 0.00 0.00 0.00 0.27
Pedestrian 0.00 0 0.00 464.91 162.17 488.01 227.23 0.00 0.00 0.00 0.00 0.00 0.00 0.00 0.29
Pedestrian 0.00 0 0.00 629.51 162.00 656.24 226.77 0.00 0.00 0.00 0.00 0.00 0.00 0.00 0.35
Pedestrian 0.00 0 0.00 791.08 152.03 825.20 221.25 0.00 0.00 0.00 0.00 0.00 0.00 0.00 0.43
Pedestrian 0.00 0 0.00 630.27 163.65 641.29 201.33 0.00 0.00 0.00 0.00 0.00 0.00 0.00 0.38
Pedestrian 0.00 0 0.00 690.40 158.22 710.92 212.78 0.00 0.00 0.00 0.00 0.00 0.00 0.00 0.38
Pedestrian 0.00 0 0.00 614.22 159.71 629.34 211.17 0.00 0.00 0.00 0.00 0.00 0.00 0.00 0.36
Pedestrian 0.00 0 0.00 380.64 176.55 424.67 298.13 0.00 0.00 0.00 0.00 0.00 0.00 0.00 0.20
Pedestrian 0.00 0 0.00 647.71 159.47 674.53 227.45 0.00 0.00 0.00 0.00 0.00 0.00 0.00 0.36
Pedestrian 0.00 0 0.00 742.31 149.47 813.93 317.67 0.00 0.00 0.00 0.00 0.00 0.00 0.00 0.17
Pedestrian 0.00 0 0.00 544.01 169.32 556.17 199.59 0.00 0.00 0.00 0.00 0.00 0.00 0.00 0.35
Pedestrian 0.00 0 0.00 1092.73 110.78 1136.43 259.31 0.00 0.00 0.00 0.00 0.00 0.00 0.00 0.95
Pedestrian 0.00 0 0.00 280.49 209.49 333.18 364.92 0.00 0.00 0.00 0.00 0.00 0.00 0.00 0.29
Pedestrian 0.00 0 0.00 350.58 200.59 400.73 338.71 0.00 0.00 0.00 0.00 0.00 0.00 0.00 0.23
Pedestrian 0.00 0 0.00 664.88 160.85 680.89 209.13 0.00 0.00 0.00 0.00 0.00 0.00 0.00 0.38
