Pedestrian 0.00 0 0.00 707.99 163.35 742.36 252.82 0.00 0.00 0.00 0.00 0.00 0.00 0.00 0.34
Pedestrian 0.00 0 0.00 428.42 168.41 462.52 256.89 0.00 0.00 0.00 0.00 0.00 0.00 0.00 0.00
Pedestrian 0.00 0 0.00 669.66 169.60 700.53 254.60 0.00 0.00 0.00 0.00 0.00 0.00 0.00 0.33
Pedestrian 0.00 0 0.00 730.54 161.85 746.53 212.62 0.00 0.00 0.00 0.00 0.00 0.00 0.00 0.40
Pedestrian 0.00 0 0.00 738.93 161.65 759.35 208.29 0.00 0.00 0.00 0.00 0.00 0.00 0.00 0.43
Pedestrian 0.00 0 0.00 527.56 168.82 542.36 210.95 0.00 0.00 0.00 0.00 0.00 0.00 0.00 0.33
Pedestrian 0.00 0 0.00 750.54 163.28 766.22 211.60 0.00 0.00 0.00 0.00 0.00 0.00 0.00 0.44
Pedestrian 0.00 0 0.00 404.72 158.66 433.69 222.41 0.00 0.00 0.00 0.00 0.00 0.00 0.00 0.31
Pedestrian 0.00 0 0.00 126.27 152.64 148.31 215.77 0.00 0.00 0.00 0.00 0.00 0.00 0.00 0.57
Pedestrian 0.00 0 0.00 327.53 164.20 341.09 203.02 0.00 0.00 0.00 0.00 0.00 0.00 0.00 0.38
Pedestrian 0.00 0 0.00 642.31 173.36 649.65 193.44 0.00 0.00 0.00 0.00 0.00 0.00 0.00 0.36
Pedestrian 0.00 0 0.00 779.62 148.35 800.62 200.81 0.00 0.00 0.00 0.00 0.00 0.00 0.00 0.52
Pedestrian 0.00 0 0.00 2.08 163.77 98.49 362.33 0.00 0.00 0.00 0.00 0.00 0.00 0.00 0.98
