Pedestrian 0.00 0 0.00 749.16 160.36 793.76 301.15 0.00 0.00 0.00 0.00 0.00 0.00 0.00 0.01
Pedestrian 0.00 0 0.00 562.95 165.70 587.30 244.88 0.00 0.00 0.00 0.00 0.00 0.00 0.00 0.01
Pedestrian 0.00 0 0.00 540.42 162.81 575.59 251.58 0.00 0.00 0.00 0.00 0.00 0.00 0.00 0.29
Pedestrian 0.00 0 0.00 627.18 162.56 667.07 251.29 0.00 0.00 0.00 0.00 0.00 0.00 0.00 0.29
Pedestrian 0.00 0 0.00 603.52 160.29 635.11 234.60 0.00 0.00 0.00 0.00 0.00 0.00 0.00 0.34
Pedestrian 0.00 0 0.00 657.09 148.03 741.57 323.75 0.00 0.00 0.00 0.00 0.00 0.00 0.00 0.09
Pedestrian 0.00 0 0.00 1146.53 133.47 1221.44 321.65 0.00 0.00 0.00 0.00 0.00 0.00 0.00 0.74
Pedestrian 0.00 0 0.00 581.46 164.69 597.13 201.41 0.00 0.00 0.00 0.00 0.00 0.00 0.00 0.35
Pedestrian 0.00 0 0.00 339.81 165.16 361.96 236.91 0.00 0.00 0.00 0.00 0.00 0.00 0.00 0.32
Pedestrian 0.00 0 0.00 628.57 155.97 650.08 207.56 0.00 0.00 0.00 0.00 0.00 0.00 0.00 0.37
Pedestrian 0.00 0 0.00 370.69 163.83 391.41 218.14 0.00 0.00 0.00 0.00 0.00 0.00 0.00 0.34
Pedestrian 0.00 0 0.00 978.82 155.17 1008.76 238.37 0.00 0.00 0.00 0.00 0.00 0.00 0.00 0.54
