Pedestrian 0.00 0 0.00 539.57 141.46 591.29 278.28 0.00 0.00 0.00 0.00 0.00 0.00 0.00 0.01
Pedestrian 0.00 0 0.00 325.26 161.41 416.50 377.40 0.00 0.00 0.00 0.00 0.00 0.00 0.00 0.00
Pedestrian 0.00 0 0.00 638.17 139.96 658.59 197.60 0.00 0.00 0.00 0.00 0.00 0.00 0.00 0.39
Pedestrian 0.00 0 0.00 919.72 151.97 1004.96 371.10 0.00 0.00 0.00 0.00 0.00 0.00 0.00 0.24
Pedestrian 0.00 0 0.00 239.61 130.92 286.10 238.99 0.00 0.00 0.00 0.00 0.00 0.00 0.00 0.28
Pedestrian 0.00 0 0.00 754.28 133.95 801.57 256.26 0.00 0.00 0.00 0.00 0.00 0.00 0.00 0.27
Pedestrian 0.00 0 0.00 643.61 133.95 765.62 355.11 0.00 0.00 0.00 0.00 0.00 0.00 0.00 0.05
Pedestrian 0.00 0 0.00 1046.53 106.41 1215.83 356.89 0.00 0.00 0.00 0.00 0.00 0.00 0.00 0.92
Pedestrian 0.00 0 0.00 302.06 138.20 346.33 231.96 0.00 0.00 0.00 0.00 0.00 0.00 0.00 0.29
Pedestrian 0.00 0 0.00 93.44 155.60 125.33 226.95 0.00 0.00 0.00 0.00 0.00 0.00 0.00 0.47
