Pedestrian 0.00 0 0.00 528.50 146.90 571.99 262.58 0.00 0.00 0.00 0.00 0.00 0.00 0.00 0.18
Pedestrian 0.00 0 0.00 715.97 135.60 761.97 247.75 0.00 0.00 0.00 0.00 0.00 0.00 0.00 0.28
Pedestrian 0.00 0 0.00 828.78 149.73 900.84 338.20 0.00 0.00 0.00 0.00 0.00 0.00 0.00 0.22
Pedestrian 0.00 0 0.00 262.35 157.72 335.42 336.91 0.00 0.00 0.00 0.00 0.00 0.00 0.00 0.13
Pedestrian 0.00 0 0.00 250.82 133.83 290.22 245.20 0.00 0.00 0.00 0.00 0.00 0.00 0.00 0.27
Pedestrian 0.00 0 0.00 886.85 151.52 983.00 375.77 0.00 0.00 0.00 0.00 0.00 0.00 0.00 0.19
Pedestrian 0.00 0 0.00 1008.98 139.80 1119.63 375.94 0.00 0.00 0.00 0.00 0.00 0.00 0.00 0.20
Pedestrian 0.00 0 0.00 642.45 139.18 664.72 196.10 0.00 0.00 0.00 0.00 0.00 0.00 0.00 0.39
Pedestrian 0.00 0 0.00 679.70 149.56 761.74 345.83 0.00 0.00 0.00 0.00 0.00 0.00 0.00 0.13
Pedestrian 0.00 0 0.00 586.18 143.25 659.32 365.90 0.00 0.00 0.00 0.00 0.00 0.00 0.00 0.04
Pedestrian 0.00 0 0.00 651.11 144.84 689.19 253.96 0.00 0.00 0.00 0.00 0.00 0.00 0.00 0.31
Pedestrian 0.00 0 0.00 628.00 158.52 699.10 349.62 0.00 0.00 0.00 0.00 0.00 0.00 0.00 0.06
Pedestrian 0.00 0 0.00 357.44 152.44 373.31 192.34 0.00 0.00 0.00 0.00 0.00 0.00 0.00 0.35
Pedestrian 0.00 0 0.00 743.12 146.12 785.24 218.09 0.00 0.00 0.00 0.00 0.00 0.00 0.00 0.36
Pedestrian 0.00 0 0.00 428.44 143.32 440.88 180.38 0.00 0.00 0.00 0.00 0.00 0.00 0.00 0.36
Pedestrian 0.00 0 0.00 305.60 139.15 344.41 235.02 0.00 0.00 0.00 0.00 0.00 0.00 0.00 0.27
Pedestrian 0.00 0 0.00 499.10 144.28 510.12 180.87 0.00 0.00 0.00 0.00 0.00 0.00 0.00 0.38
