Pedestrian 0.00 0 0.00 741.49 170.27 788.94 288.35 0.00 0.00 0.00 0.00 0.00 0.00 0.00 0.26
Pedestrian 0.00 0 0.00 421.36 176.44 449.53 240.89 0.00 0.00 0.00 0.00 0.00 0.00 0.00 0.01
Pedestrian 0.00 0 0.00 521.95 174.79 536.39 217.04 0.00 0.00 0.00 0.00 0.00 0.00 0.00 0.32
Pedestrian 0.00 0 0.00 537.52 176.33 550.21 206.88 0.00 0.00 0.00 0.00 0.00 0.00 0.00 0.33
Pedestrian 0.00 0 0.00 267.57 182.39 298.44 265.92 0.00 0.00 0.00 0.00 0.00 0.00 0.00 0.45
Pedestrian 0.00 0 0.00 487.26 180.11 501.32 214.98 0.00 0.00 0.00 0.00 0.00 0.00 0.00 0.30
Pedestrian 0.00 0 0.00 374.77 173.88 391.20 227.85 0.00 0.00 0.00 0.00 0.00 0.00 0.00 0.33
Pedestrian 0.00 0 0.00 586.23 177.10 594.31 207.47 0.00 0.00 0.00 0.00 0.00 0.00 0.00 0.34
Pedestrian 0.00 0 0.00 571.08 175.70 579.79 204.87 0.00 0.00 0.00 0.00 0.00 0.00 0.00 0.34
Pedestrian 0.00 0 0.00 412.82 177.94 431.70 232.03 0.00 0.00 0.00 0.00 0.00 0.00 0.00 0.32
Pedestrian 0.00 0 0.00 1064.41 106.14 1132.04 257.95 0.00 0.00 0.00 0.00 0.00 0.00 0.00 0.90
Pedestrian 0.00 0 0.00 1145.58 146.98 1217.50 391.68 0.00 0.00 0.00 0.00 0.00 0.00 0.00 0.72
Pedestrian 0.00 0 0.00 504.31 183.45 519.68 218.23 0.00 0.00 0.00 0.00 0.00 0.00 0.00 0.31
Pedestrian 0.00 0 0.00 577.82 175.67 588.45 203.76 0.00 0.00 0.00 0.00 0.00 0.00 0.00 0.34
