Pedestrian 0.00 0 0.00 478.75 173.14 499.30 223.70 0.00 0.00 0.00 0.00 0.00 0.00 0.00 0.29
Pedestrian 0.00 0 0.00 661.29 173.22 692.92 255.89 0.00 0.00 0.00 0.00 0.00 0.00 0.00 0.33
Pedestrian 0.00 0 0.00 845.09 152.89 896.52 280.73 0.00 0.00 0.00 0.00 0.00 0.00 0.00 0.26
Pedestrian 0.00 0 0.00 627.62 174.37 643.45 225.77 0.00 0.00 0.00 0.00 0.00 0.00 0.00 0.34
Pedestrian 0.00 0 0.00 825.66 170.03 858.86 251.25 0.00 0.00 0.00 0.00 0.00 0.00 0.00 0.36
Pedestrian 0.00 0 0.00 862.62 135.04 908.09 245.75 0.00 0.00 0.00 0.00 0.00 0.00 0.00 0.47
Pedestrian 0.00 0 0.00 77.70 186.67 138.14 362.20 0.00 0.00 0.00 0.00 0.00 0.00 0.00 0.31
Pedestrian 0.00 0 0.00 606.17 175.76 622.31 224.58 0.00 0.00 0.00 0.00 0.00 0.00 0.00 0.33
Pedestrian 0.00 0 0.00 778.16 202.41 852.37 369.70 0.00 0.00 0.00 0.00 0.00 0.00 0.00 0.07
Pedestrian 0.00 0 0.00 640.17 178.09 667.48 243.48 0.00 0.00 0.00 0.00 0.00 0.00 0.00 0.31
Pedestrian 0.00 0 0.00 434.86 177.33 461.73 228.12 0.00 0.00 0.00 0.00 0.00 0.00 0.00 0.30
Pedestrian 0.00 0 0.00 -6.75 171.77 27.96 258.13 0.00 0.00 0.00 0.00 0.00 0.00 0.00 0.96
Pedestrian 0.00 0 0.00 559.56 175.79 571.81 206.34 0.00 0.00 0.00 0.00 0.00 0.00 0.00 0.34
Pedestrian 0.00 0 0.00 685.09 167.23 697.18 201.21 0.00 0.00 0.00 0.00 0.00 0.00 0.00 0.39
