Pedestrian 0.00 0 0.00 559.24 162.87 587.37 228.68 0.00 0.00 0.00 0.00 0.00 0.00 0.00 0.32
Pedestrian 0.00 0 0.00 573.23 160.89 657.34 321.63 0.00 0.00 0.00 0.00 0.00 0.00 0.00 0.04
Pedestrian 0.00 0 0.00 1068.09 121.93 1183.31 333.75 0.00 0.00 0.00 0.00 0.00 0.00 0.00 0.01
Pedestrian 0.00 0 0.00 637.15 162.93 697.73 294.28 0.00 0.00 0.00 0.00 0.00 0.00 0.00 0.13
Pedestrian 0.00 0 0.00 463.13 171.34 494.15 246.01 0.00 0.00 0.00 0.00 0.00 0.00 0.00 0.29
Pedestrian 0.00 0 0.00 632.09 159.88 648.81 210.05 0.00 0.00 0.00 0.00 0.00 0.00 0.00 0.37
Pedestrian 0.00 0 0.00 1142.16 133.25 1218.96 321.91 0.00 0.00 0.00 0.00 0.00 0.00 0.00 0.64
Pedestrian 0.00 0 0.00 1037.41 137.32 1090.23 274.15 0.00 0.00 0.00 0.00 0.00 0.00 0.00 0.68
Pedestrian 0.00 0 0.00 623.19 167.65 649.83 235.98 0.00 0.00 0.00 0.00 0.00 0.00 0.00 0.34
Pedestrian 0.00 0 0.00 598.95 159.80 620.84 222.53 0.00 0.00 0.00 0.00 0.00 0.00 0.00 0.35
Pedestrian 0.00 0 0.00 1188.99 139.92 1229.65 283.89 0.00 0.00 0.00 0.00 0.00 0.00 0.00 0.87
Pedestrian 0.00 0 0.00 1114.50 109.62 1187.78 254.03 0.00 0.00 0.00 0.00 0.00 0.00 0.00 0.89
