Pedestrian 0.00 0 0.00 942.45 134.28 1055.92 380.10 0.00 0.00 0.00 0.00 0.00 0.00 0.00 0.29
Pedestrian 0.00 0 0.00 505.89 153.47 558.69 293.32 0.00 0.00 0.00 0.00 0.00 0.00 0.00 0.09
Pedestrian 0.00 0 0.00 703.67 166.05 725.49 215.73 0.00 0.00 0.00 0.00 0.00 0.00 0.00 0.37
Pedestrian 0.00 0 0.00 753.94 163.03 768.78 210.53 0.00 0.00 0.00 0.00 0.00 0.00 0.00 0.45
Pedestrian 0.00 0 0.00 538.70 162.24 567.84 246.60 0.00 0.00 0.00 0.00 0.00 0.00 0.00 0.31
Pedestrian 0.00 0 0.00 526.44 159.99 556.25 248.30 0.00 0.00 0.00 0.00 0.00 0.00 0.00 0.31
Pedestrian 0.00 0 0.00 850.92 166.28 929.59 342.59 0.00 0.00 0.00 0.00 0.00 0.00 0.00 0.13
Pedestrian 0.00 0 0.00 697.89 162.62 711.43 208.33 0.00 0.00 0.00 0.00 0.00 0.00 0.00 0.39
Pedestrian 0.00 0 0.00 912.24 178.47 959.11 291.21 0.00 0.00 0.00 0.00 0.00 0.00 0.00 0.32
Pedestrian 0.00 0 0.00 568.47 176.84 584.88 217.02 0.00 0.00 0.00 0.00 0.00 0.00 0.00 0.34
