Pedestrian 0.00 0 0.00 124.65 172.67 211.98 366.17 0.00 0.00 0.00 0.00 0.00 0.00 0.00 0.06
Pedestrian 0.00 0 0.00 425.74 165.33 442.77 217.53 0.00 0.00 0.00 0.00 0.00 0.00 0.00 0.30
Pedestrian 0.00 0 0.00 286.24 167.49 366.53 371.68 0.00 0.00 0.00 0.00 0.00 0.00 0.00 0.14
Pedestrian 0.00 0 0.00 211.84 154.50 311.17 385.90 0.00 0.00 0.00 0.00 0.00 0.00 0.00 0.00
Pedestrian 0.00 0 0.00 177.33 174.45 242.66 333.48 0.00 0.00 0.00 0.00 0.00 0.00 0.00 0.14
Pedestrian 0.00 0 0.00 39.21 185.80 71.56 250.97 0.00 0.00 0.00 0.00 0.00 0.00 0.00 0.70
Pedestrian 0.00 0 0.00 664.54 160.85 685.11 219.91 0.00 0.00 0.00 0.00 0.00 0.00 0.00 0.36
Pedestrian 0.00 0 0.00 358.23 167.46 425.96 314.66 0.00 0.00 0.00 0.00 0.00 0.00 0.00 0.20
Pedestrian 0.00 0 0.00 99.77 176.15 166.10 332.37 0.00 0.00 0.00 0.00 0.00 0.00 0.00 0.21
Pedestrian 0.00 0 0.00 748.58 166.94 769.51 227.41 0.00 0.00 0.00 0.00 0.00 0.00 0.00 0.37
Pedestrian 0.00 0 0.00 143.33 155.51 164.90 210.88 0.00 0.00 0.00 0.00 0.00 0.00 0.00 0.67
Pedestrian 0.00 0 0.00 506.61 168.71 519.79 197.53 0.00 0.00 0.00 0.00 0.00 0.00 0.00 0.34
Pedestrian 0.00 0 0.00 680.42 172.45 699.98 219.56 0.00 0.00 0.00 0.00 0.00 0.00 0.00 0.36
Pedestrian 0.00 0 0.00 274.45 165.01 315.95 293.10 0.00 0.00 0.00 0.00 0.00 0.00 0.00 0.32
Pedestrian 0.00 0 0.00 954.48 165.83 983.75 241.37 0.00 0.00 0.00 0.00 0.00 0.00 0.00 0.52
Pedestrian 0.00 0 0.00 190.53 159.01 209.70 220.71 0.00 0.00 0.00 0.00 0.00 0.00 0.00 0.63
