Pedestrian 0.00 0 0.00 54.00 179.03 159.91 360.06 0.00 0.00 0.00 0.00 0.00 0.00 0.00 0.04
Pedestrian 0.00 0 0.00 -6.39 177.19 32.24 261.85 0.00 0.00 0.00 0.00 0.00 0.00 0.00 0.94
Pedestrian 0.00 0 0.00 294.43 160.81 360.33 325.66 0.00 0.00 0.00 0.00 0.00 0.00 0.00 0.16
Pedestrian 0.00 0 0.00 159.78 164.22 245.38 365.63 0.00 0.00 0.00 0.00 0.00 0.00 0.00 0.18
Pedestrian 0.00 0 0.00 205.50 170.56 257.85 313.42 0.00 0.00 0.00 0.00 0.00 0.00 0.00 0.25
Pedestrian 0.00 0 0.00 666.47 157.98 689.35 223.31 0.00 0.00 0.00 0.00 0.00 0.00 0.00 0.36
Pedestrian 0.00 0 0.00 15.08 177.88 88.87 371.52 0.00 0.00 0.00 0.00 0.00 0.00 0.00 0.41
Pedestrian 0.00 0 0.00 112.63 153.41 132.76 214.54 0.00 0.00 0.00 0.00 0.00 0.00 0.00 0.62
Pedestrian 0.00 0 0.00 411.33 167.02 432.42 217.55 0.00 0.00 0.00 0.00 0.00 0.00 0.00 0.32
Pedestrian 0.00 0 0.00 531.35 168.17 554.43 214.62 0.00 0.00 0.00 0.00 0.00 0.00 0.00 0.33
Pedestrian 0.00 0 0.00 696.00 148.07 723.34 214.09 0.00 0.00 0.00 0.00 0.00 0.00 0.00 0.38
Pedestrian 0.00 0 0.00 626.60 187.94 665.69 277.67 0.00 0.00 0.00 0.00 0.00 0.00 0.00 0.28
Pedestrian 0.00 0 0.00 219.46 166.71 237.23 201.13 0.00 0.00 0.00 0.00 0.00 0.00 0.00 0.77
Pedestrian 0.00 0 0.00 99.36 159.73 131.63 205.15 0.00 0.00 0.00 0.00 0.00 0.00 0.00 0.79
Pedestrian 0.00 0 0.00 680.24 173.34 699.87 227.03 0.00 0.00 0.00 0.00 0.00 0.00 0.00 0.36
Pedestrian 0.00 0 0.00 555.52 172.55 576.82 220.98 0.00 0.00 0.00 0.00 0.00 0.00 0.00 0.33
Pedestrian 0.00 0 0.00 133.61 178.31 214.38 354.14 0.00 0.00 0.00 0.00 0.00 0.00 0.00 0.08
