Pedestrian 0.00 0 0.00 567.33 140.14 597.02 221.86 0.00 0.00 0.00 0.00 0.00 0.00 0.00 0.04
Pedestrian 0.00 0 0.00 495.24 139.45 526.56 215.48 0.00 0.00 0.00 0.00 0.00 0.00 0.00 0.32
Pedestrian 0.00 0 0.00 417.65 142.91 441.74 214.37 0.00 0.00 0.00 0.00 0.00 0.00 0.00 0.31
Pedestrian 0.00 0 0.00 703.69 135.64 761.01 282.94 0.00 0.00 0.00 0.00 0.00 0.00 0.00 0.22
Pedestrian 0.00 0 0.00 436.58 137.83 462.72 201.62 0.00 0.00 0.00 0.00 0.00 0.00 0.00 0.34
Pedestrian 0.00 0 0.00 443.07 148.02 476.90 219.44 0.00 0.00 0.00 0.00 0.00 0.00 0.00 0.31
Pedestrian 0.00 0 0.00 534.01 141.37 562.84 222.30 0.00 0.00 0.00 0.00 0.00 0.00 0.00 0.03
Pedestrian 0.00 0 0.00 633.34 119.43 702.00 278.76 0.00 0.00 0.00 0.00 0.00 0.00 0.00 0.25
Pedestrian 0.00 0 0.00 275.69 136.77 319.53 241.90 0.00 0.00 0.00 0.00 0.00 0.00 0.00 0.27
Pedestrian 0.00 0 0.00 692.15 146.47 742.38 273.79 0.00 0.00 0.00 0.00 0.00 0.00 0.00 0.24
Pedestrian 0.00 0 0.00 574.82 153.31 601.41 215.98 0.00 0.00 0.00 0.00 0.00 0.00 0.00 0.36
Pedestrian 0.00 0 0.00 244.84 142.80 284.34 241.16 0.00 0.00 0.00 0.00 0.00 0.00 0.00 0.32
