Pedestrian 0.00 0 0.00 344.91 155.23 374.20 235.43 0.00 0.00 0.00 0.00 0.00 0.00 0.00 0.30
Pedestrian 0.00 0 0.00 793.30 160.02 823.80 243.96 0.00 0.00 0.00 0.00 0.00 0.00 0.00 0.37
Pedestrian 0.00 0 0.00 646.08 163.50 658.44 191.89 0.00 0.00 0.00 0.00 0.00 0.00 0.00 0.38
Pedestrian 0.00 0 0.00 570.27 162.11 588.24 200.78 0.00 0.00 0.00 0.00 0.00 0.00 0.00 0.08
Pedestrian 0.00 0 0.00 451.50 132.14 483.67 228.81 0.00 0.00 0.00 0.00 0.00 0.00 0.00 0.25
Pedestrian 0.00 0 0.00 577.98 162.42 591.99 198.85 0.00 0.00 0.00 0.00 0.00 0.00 0.00 0.36
Pedestrian 0.00 0 0.00 526.91 172.20 539.77 208.03 0.00 0.00 0.00 0.00 0.00 0.00 0.00 0.33
Pedestrian 0.00 0 0.00 660.73 163.47 671.60 192.17 0.00 0.00 0.00 0.00 0.00 0.00 0.00 0.40
Pedestrian 0.00 0 0.00 989.92 155.54 1069.13 329.30 0.00 0.00 0.00 0.00 0.00 0.00 0.00 0.14
Pedestrian 0.00 0 0.00 510.53 170.28 528.90 218.27 0.00 0.00 0.00 0.00 0.00 0.00 0.00 0.32
Pedestrian 0.00 0 0.00 975.35 139.36 990.57 175.20 0.00 0.00 0.00 0.00 0.00 0.00 0.00 0.86
