Pedestrian 0.00 0 0.00 1028.84 136.03 1086.33 296.06 0.00 0.00 0.00 0.00 0.00 0.00 0.00 0.65
Pedestrian 0.00 0 0.00 436.33 170.77 470.65 248.29 0.00 0.00 0.00 0.00 0.00 0.00 0.00 0.28
Pedestrian 0.00 0 0.00 762.26 163.23 789.56 226.19 0.00 0.00 0.00 0.00 0.00 0.00 0.00 0.37
Pedestrian 0.00 0 0.00 87.58 176.07 134.62 285.67 0.00 0.00 0.00 0.00 0.00 0.00 0.00 0.37
Pedestrian 0.00 0 0.00 401.85 171.63 428.10 242.93 0.00 0.00 0.00 0.00 0.00 0.00 0.00 0.30
Pedestrian 0.00 0 0.00 626.61 169.86 648.91 231.79 0.00 0.00 0.00 0.00 0.00 0.00 0.00 0.34
Pedestrian 0.00 0 0.00 734.89 167.22 760.71 247.07 0.00 0.00 0.00 0.00 0.00 0.00 0.00 0.05
Pedestrian 0.00 0 0.00 678.79 177.76 710.88 260.61 0.00 0.00 0.00 0.00 0.00 0.00 0.00 0.32
Pedestrian 0.00 0 0.00 658.03 169.41 694.59 273.96 0.00 0.00 0.00 0.00 0.00 0.00 0.00 0.01
Pedestrian 0.00 0 0.00 294.25 173.31 311.71 223.99 0.00 0.00 0.00 0.00 0.00 0.00 0.00 0.45
Pedestrian 0.00 0 0.00 702.25 176.64 736.56 264.87 0.00 0.00 0.00 0.00 0.00 0.00 0.00 0.33
Pedestrian 0.00 0 0.00 775.29 164.09 805.57 237.49 0.00 0.00 0.00 0.00 0.00 0.00 0.00 0.37
Pedestrian 0.00 0 0.00 746.00 168.59 776.35 239.64 0.00 0.00 0.00 0.00 0.00 0.00 0.00 0.36
Pedestrian 0.00 0 0.00 522.17 175.28 540.00 220.78 0.00 0.00 0.00 0.00 0.00 0.00 0.00 0.32
Pedestrian 0.00 0 0.00 699.69 173.24 737.25 263.59 0.00 0.00 0.00 0.00 0.00 0.00 0.00 0.33
Pedestrian 0.00 0 0.00 694.09 167.64 724.18 244.14 0.00 0.00 0.00 0.00 0.00 0.00 0.00 0.35
Pedestrian 0.00 0 0.00 701.61 147.59 731.34 219.42 0.00 0.00 0.00 0.00 0.00 0.00 0.00 0.38
