Pedestrian 0.00 0 0.00 717.28 164.52 779.73 321.36 0.00 0.00 0.00 0.00 0.00 0.00 0.00 0.16
Pedestrian 0.00 0 0.00 800.02 158.13 873.38 319.97 0.00 0.00 0.00 0.00 0.00 0.00 0.00 0.14
Pedestrian 0.00 0 0.00 1090.75 143.04 1185.78 333.71 0.00 0.00 0.00 0.00 0.00 0.00 0.00 0.14
Pedestrian 0.00 0 0.00 241.26 168.24 283.08 279.23 0.00 0.00 0.00 0.00 0.00 0.00 0.00 0.00
Pedestrian 0.00 0 0.00 618.60 166.82 652.26 237.14 0.00 0.00 0.00 0.00 0.00 0.00 0.00 0.03
Pedestrian 0.00 0 0.00 766.48 154.04 810.75 267.14 0.00 0.00 0.00 0.00 0.00 0.00 0.00 0.30
Pedestrian 0.00 0 0.00 328.09 165.16 357.67 263.66 0.00 0.00 0.00 0.00 0.00 0.00 0.00 0.26
Pedestrian 0.00 0 0.00 226.41 163.60 256.47 232.04 0.00 0.00 0.00 0.00 0.00 0.00 0.00 0.48
Pedestrian 0.00 0 0.00 588.40 167.48 603.51 202.18 0.00 0.00 0.00 0.00 0.00 0.00 0.00 0.35
Pedestrian 0.00 0 0.00 957.53 162.79 982.84 239.69 0.00 0.00 0.00 0.00 0.00 0.00 0.00 0.54
Pedestrian 0.00 0 0.00 1078.28 144.37 1147.22 293.14 0.00 0.00 0.00 0.00 0.00 0.00 0.00 0.44
Pedestrian 0.00 0 0.00 392.36 161.14 411.03 209.35 0.00 0.00 0.00 0.00 0.00 0.00 0.00 0.33
Pedestrian 0.00 0 0.00 344.34 194.00 377.67 299.70 0.00 0.00 0.00 0.00 0.00 0.00 0.00 0.29
