Pedestrian 0.00 0 0.00 514.43 172.09 534.73 227.27 0.00 0.00 0.00 0.00 0.00 0.00 0.00 0.30
Pedestrian 0.00 0 0.00 699.87 170.50 737.40 265.29 0.00 0.00 0.00 0.00 0.00 0.00 0.00 0.32
Pedestrian 0.00 0 0.00 917.33 153.20 978.94 301.09 0.00 0.00 0.00 0.00 0.00 0.00 0.00 0.18
Pedestrian 0.00 0 0.00 790.47 148.64 839.28 316.12 0.00 0.00 0.00 0.00 0.00 0.00 0.00 0.30
Pedestrian 0.00 0 0.00 641.56 174.61 659.38 224.87 0.00 0.00 0.00 0.00 0.00 0.00 0.00 0.35
Pedestrian 0.00 0 0.00 723.12 184.39 758.88 276.40 0.00 0.00 0.00 0.00 0.00 0.00 0.00 0.03
Pedestrian 0.00 0 0.00 896.84 137.58 935.25 248.59 0.00 0.00 0.00 0.00 0.00 0.00 0.00 0.57
Pedestrian 0.00 0 0.00 660.92 171.23 682.94 221.75 0.00 0.00 0.00 0.00 0.00 0.00 0.00 0.35
Pedestrian 0.00 0 0.00 288.48 139.43 318.71 229.45 0.00 0.00 0.00 0.00 0.00 0.00 0.00 0.28
Pedestrian 0.00 0 0.00 40.83 206.79 89.89 244.34 0.00 0.00 0.00 0.00 0.00 0.00 0.00 0.99
Pedestrian 0.00 0 0.00 43.70 176.55 121.53 363.57 0.00 0.00 0.00 0.00 0.00 0.00 0.00 0.21
Pedestrian 0.00 0 0.00 589.49 175.71 602.55 203.58 0.00 0.00 0.00 0.00 0.00 0.00 0.00 0.34
Pedestrian 0.00 0 0.00 938.35 134.43 978.40 256.90 0.00 0.00 0.00 0.00 0.00 0.00 0.00 0.65
Pedestrian 0.00 0 0.00 136.27 143.83 164.32 224.60 0.00 0.00 0.00 0.00 0.00 0.00 0.00 0.49
