Pedestrian 0.00 0 0.00 -3.95 170.66 110.96 375.81 0.00 0.00 0.00 0.00 0.00 0.00 0.00 0.05
Pedestrian 0.00 0 0.00 625.29 151.33 663.10 234.44 0.00 0.00 0.00 0.00 0.00 0.00 0.00 0.33
Pedestrian 0.00 0 0.00 610.11 139.68 630.90 192.76 0.00 0.00 0.00 0.00 0.00 0.00 0.00 0.39
Pedestrian 0.00 0 0.00 331.43 160.05 348.44 213.24 0.00 0.00 0.00 0.00 0.00 0.00 0.00 0.35
Pedestrian 0.00 0 0.00 502.31 164.56 532.96 229.21 0.00 0.00 0.00 0.00 0.00 0.00 0.00 0.31
Pedestrian 0.00 0 0.00 423.69 163.73 436.67 195.74 0.00 0.00 0.00 0.00 0.00 0.00 0.00 0.32
Pedestrian 0.00 0 0.00 650.59 137.44 685.20 216.82 0.00 0.00 0.00 0.00 0.00 0.00 0.00 0.37
Pedestrian 0.00 0 0.00 459.06 166.21 481.47 214.21 0.00 0.00 0.00 0.00 0.00 0.00 0.00 0.31
Pedestrian 0.00 0 0.00 75.80 170.50 119.27 301.61 0.00 0.00 0.00 0.00 0.00 0.00 0.00 0.36
Pedestrian 0.00 0 0.00 639.32 142.19 672.99 219.86 0.00 0.00 0.00 0.00 0.00 0.00 0.00 0.37
