Pedestrian 0.00 0 0.00 1074.47 132.13 1194.63 380.80 0.00 0.00 0.00 0.00 0.00 0.00 0.00 0.28
Pedestrian 0.00 0 0.00 861.98 159.31 931.51 359.58 0.00 0.00 0.00 0.00 0.00 0.00 0.00 0.24
Pedestrian 0.00 0 0.00 556.60 176.41 585.70 253.55 0.00 0.00 0.00 0.00 0.00 0.00 0.00 0.29
Pedestrian 0.00 0 0.00 604.82 178.22 638.98 246.79 0.00 0.00 0.00 0.00 0.00 0.00 0.00 0.02
Pedestrian 0.00 0 0.00 679.83 178.00 696.94 223.15 0.00 0.00 0.00 0.00 0.00 0.00 0.00 0.36
Pedestrian 0.00 0 0.00 727.88 173.15 743.38 217.76 0.00 0.00 0.00 0.00 0.00 0.00 0.00 0.38
Pedestrian 0.00 0 0.00 612.52 175.53 650.39 249.36 0.00 0.00 0.00 0.00 0.00 0.00 0.00 0.29
Pedestrian 0.00 0 0.00 15.35 185.86 89.03 371.08 0.00 0.00 0.00 0.00 0.00 0.00 0.00 0.40
Pedestrian 0.00 0 0.00 124.60 182.24 168.64 276.70 0.00 0.00 0.00 0.00 0.00 0.00 0.00 0.42
Pedestrian 0.00 0 0.00 921.06 193.72 966.43 317.82 0.00 0.00 0.00 0.00 0.00 0.00 0.00 0.29
Pedestrian 0.00 0 0.00 809.82 187.91 842.73 270.45 0.00 0.00 0.00 0.00 0.00 0.00 0.00 0.33
