Pedestrian 0.00 0 0.00 639.14 157.54 669.72 244.10 0.00 0.00 0.00 0.00 0.00 0.00 0.00 0.03
Pedestrian 0.00 0 0.00 630.15 155.81 646.18 211.10 0.00 0.00 0.00 0.00 0.00 0.00 0.00 0.36
Pedestrian 0.00 0 0.00 754.46 150.38 775.33 207.13 0.00 0.00 0.00 0.00 0.00 0.00 0.00 0.46
Pedestrian 0.00 0 0.00 308.46 154.32 398.33 379.64 0.00 0.00 0.00 0.00 0.00 0.00 0.00 0.00
Pedestrian 0.00 0 0.00 338.70 166.47 371.74 246.17 0.00 0.00 0.00 0.00 0.00 0.00 0.00 0.29
Pedestrian 0.00 0 0.00 706.28 162.80 735.81 233.76 0.00 0.00 0.00 0.00 0.00 0.00 0.00 0.36
Pedestrian 0.00 0 0.00 470.73 163.81 491.90 213.55 0.00 0.00 0.00 0.00 0.00 0.00 0.00 0.31
Pedestrian 0.00 0 0.00 395.63 140.38 461.13 328.64 0.00 0.00 0.00 0.00 0.00 0.00 0.00 0.04
Pedestrian 0.00 0 0.00 729.04 156.72 758.16 223.17 0.00 0.00 0.00 0.00 0.00 0.00 0.00 0.37
Pedestrian 0.00 0 0.00 674.08 168.32 697.45 241.01 0.00 0.00 0.00 0.00 0.00 0.00 0.00 0.04
Pedestrian 0.00 0 0.00 680.35 158.55 707.47 240.81 0.00 0.00 0.00 0.00 0.00 0.00 0.00 0.04
Pedestrian 0.00 0 0.00 267.63 200.01 327.79 347.50 0.00 0.00 0.00 0.00 0.00 0.00 0.00 0.22
Pedestrian 0.00 0 0.00 983.68 95.47 1209.52 347.63 0.00 0.00 0.00 0.00 0.00 0.00 0.00 0.47
