Pedestrian 0.00 0 0.00 699.30 161.53 743.43 278.72 0.00 0.00 0.00 0.00 0.00 0.00 0.00 0.02
Pedestrian 0.00 0 0.00 348.73 167.45 396.10 287.95 0.00 0.00 0.00 0.00 0.00 0.00 0.00 0.00
Pedestrian 0.00 0 0.00 741.05 162.53 762.76 231.52 0.00 0.00 0.00 0.00 0.00 0.00 0.00 0.08
Pedestrian 0.00 0 0.00 481.24 169.57 505.76 218.75 0.00 0.00 0.00 0.00 0.00 0.00 0.00 0.30
Pedestrian 0.00 0 0.00 767.35 153.12 793.21 220.45 0.00 0.00 0.00 0.00 0.00 0.00 0.00 0.41
Pedestrian 0.00 0 0.00 657.90 162.31 697.09 274.73 0.00 0.00 0.00 0.00 0.00 0.00 0.00 0.29
Pedestrian 0.00 0 0.00 222.42 175.06 246.36 258.73 0.00 0.00 0.00 0.00 0.00 0.00 0.00 0.53
Pedestrian 0.00 0 0.00 725.86 158.03 750.71 212.53 0.00 0.00 0.00 0.00 0.00 0.00 0.00 0.39
Pedestrian 0.00 0 0.00 410.20 177.88 422.58 210.42 0.00 0.00 0.00 0.00 0.00 0.00 0.00 0.33
Pedestrian 0.00 0 0.00 424.70 174.87 438.12 207.89 0.00 0.00 0.00 0.00 0.00 0.00 0.00 0.32
