Pedestrian 0.00 0 0.00 808.66 153.35 850.04 254.28 0.00 0.00 0.00 0.00 0.00 0.00 0.00 0.34
Pedestrian 0.00 0 0.00 576.37 157.73 608.60 230.51 0.00 0.00 0.00 0.00 0.00 0.00 0.00 0.32
Pedestrian 0.00 0 0.00 551.20 154.63 569.81 217.06 0.00 0.00 0.00 0.00 0.00 0.00 0.00 0.34
Pedestrian 0.00 0 0.00 596.93 156.02 610.48 202.84 0.00 0.00 0.00 0.00 0.00 0.00 0.00 0.37
Pedestrian 0.00 0 0.00 500.94 154.17 528.69 225.12 0.00 0.00 0.00 0.00 0.00 0.00 0.00 0.32
Pedestrian 0.00 0 0.00 996.92 153.07 1071.69 308.29 0.00 0.00 0.00 0.00 0.00 0.00 0.00 0.02
Pedestrian 0.00 0 0.00 155.20 162.34 227.61 361.23 0.00 0.00 0.00 0.00 0.00 0.00 0.00 0.21
Pedestrian 0.00 0 0.00 710.28 150.95 736.87 214.76 0.00 0.00 0.00 0.00 0.00 0.00 0.00 0.38
Pedestrian 0.00 0 0.00 401.61 165.68 462.10 297.39 0.00 0.00 0.00 0.00 0.00 0.00 0.00 0.00
Pedestrian 0.00 0 0.00 574.96 155.95 592.69 200.36 0.00 0.00 0.00 0.00 0.00 0.00 0.00 0.37
Pedestrian 0.00 0 0.00 621.00 157.92 635.83 205.38 0.00 0.00 0.00 0.00 0.00 0.00 0.00 0.37
Pedestrian 0.00 0 0.00 538.33 158.38 554.75 200.05 0.00 0.00 0.00 0.00 0.00 0.00 0.00 0.35
Pedestrian 0.00 0 0.00 797.27 173.79 821.91 237.50 0.00 0.00 0.00 0.00 0.00 0.00 0.00 0.36
Pedestrian 0.00 0 0.00 13.07 164.14 118.88 368.07 0.00 0.00 0.00 0.00 0.00 0.00 0.00 0.79
Pedestrian 0.00 0 0.00 532.76 153.27 546.75 190.30 0.00 0.00 0.00 0.00 0.00 0.00 0.00 0.36
Pedestrian 0.00 0 0.00 453.28 178.07 486.44 263.31 0.00 0.00 0.00 0.00 0.00 0.00 0.00 0.27
Pedestrian 0.00 0 0.00 1140.37 90.13 1234.19 296.27 0.00 0.00 0.00 0.00 0.00 0.00 0.00 0.98
Pedestrian 0.00 0 0.00 821.22 146.19 853.00 228.11 0.00 0.00 0.00 0.00 0.00 0.00 0.00 0.49
Pedestrian 0.00 0 0.00 607.10 156.99 625.34 202.00 0.00 0.00 0.00 0.00 0.00 0.00 0.00 0.38
Pedestrian 0.00 0 0.00 843.21 178.58 921.29 376.12 0.00 0.00 0.00 0.00 0.00 0.00 0.00 0.13
