Pedestrian 0.00 0 0.00 1007.45 160.48 1099.11 328.17 0.00 0.00 0.00 0.00 0.00 0.00 0.00 0.02
Pedestrian 0.00 0 0.00 498.33 180.04 514.35 231.28 0.00 0.00 0.00 0.00 0.00 0.00 0.00 0.28
Pedestrian 0.00 0 0.00 583.64 181.23 599.86 233.67 0.00 0.00 0.00 0.00 0.00 0.00 0.00 0.31
Pedestrian 0.00 0 0.00 308.13 187.60 350.13 273.82 0.00 0.00 0.00 0.00 0.00 0.00 0.00 0.32
Pedestrian 0.00 0 0.00 769.62 161.99 823.68 291.20 0.00 0.00 0.00 0.00 0.00 0.00 0.00 0.22
Pedestrian 0.00 0 0.00 605.66 176.80 625.30 230.39 0.00 0.00 0.00 0.00 0.00 0.00 0.00 0.33
Pedestrian 0.00 0 0.00 256.48 182.36 328.74 356.10 0.00 0.00 0.00 0.00 0.00 0.00 0.00 0.00
Pedestrian 0.00 0 0.00 988.18 160.69 1025.91 249.84 0.00 0.00 0.00 0.00 0.00 0.00 0.00 0.51
Pedestrian 0.00 0 0.00 284.23 175.89 320.24 268.33 0.00 0.00 0.00 0.00 0.00 0.00 0.00 0.35
Pedestrian 0.00 0 0.00 333.00 179.40 356.91 244.34 0.00 0.00 0.00 0.00 0.00 0.00 0.00 0.35
Pedestrian 0.00 0 0.00 1048.68 155.55 1076.46 250.11 0.00 0.00 0.00 0.00 0.00 0.00 0.00 0.58
Pedestrian 0.00 0 0.00 305.90 179.77 321.41 232.95 0.00 0.00 0.00 0.00 0.00 0.00 0.00 0.47
Pedestrian 0.00 0 0.00 1183.80 114.93 1236.59 240.27 0.00 0.00 0.00 0.00 0.00 0.00 0.00 0.97
Pedestrian 0.00 0 0.00 732.65 188.73 769.95 270.77 0.00 0.00 0.00 0.00 0.00 0.00 0.00 0.31
Pedestrian 0.00 0 0.00 121.64 162.86 156.72 230.21 0.00 0.00 0.00 0.00 0.00 0.00 0.00 0.50
Pedestrian 0.00 0 0.00 637.22 180.47 653.52 220.03 0.00 0.00 0.00 0.00 0.00 0.00 0.00 0.34
