Pedestrian 0.00 0 0.00 745.15 156.10 799.06 277.88 0.00 0.00 0.00 0.00 0.00 0.00 0.00 0.22
Pedestrian 0.00 0 0.00 391.13 164.43 407.90 215.08 0.00 0.00 0.00 0.00 0.00 0.00 0.00 0.32
Pedestrian 0.00 0 0.00 508.59 171.66 526.35 211.27 0.00 0.00 0.00 0.00 0.00 0.00 0.00 0.32
Pedestrian 0.00 0 0.00 538.31 169.75 548.26 194.87 0.00 0.00 0.00 0.00 0.00 0.00 0.00 0.35
Pedestrian 0.00 0 0.00 532.08 168.72 543.88 198.39 0.00 0.00 0.00 0.00 0.00 0.00 0.00 0.35
Pedestrian 0.00 0 0.00 456.93 165.49 474.66 215.87 0.00 0.00 0.00 0.00 0.00 0.00 0.00 0.30
Pedestrian 0.00 0 0.00 406.60 174.30 425.10 231.36 0.00 0.00 0.00 0.00 0.00 0.00 0.00 0.32
Pedestrian 0.00 0 0.00 6.20 158.58 49.12 309.58 0.00 0.00 0.00 0.00 0.00 0.00 0.00 0.68
Pedestrian 0.00 0 0.00 550.98 171.81 557.32 196.80 0.00 0.00 0.00 0.00 0.00 0.00 0.00 0.35
Pedestrian 0.00 0 0.00 559.79 168.67 566.50 194.07 0.00 0.00 0.00 0.00 0.00 0.00 0.00 0.35
