Pedestrian 0.00 0 0.00 522.19 157.45 600.34 318.24 0.00 0.00 0.00 0.00 0.00 0.00 0.00 0.05
Pedestrian 0.00 0 0.00 738.25 163.88 844.53 380.00 0.00 0.00 0.00 0.00 0.00 0.00 0.00 0.00
Pedestrian 0.00 0 0.00 509.01 159.00 545.80 264.97 0.00 0.00 0.00 0.00 0.00 0.00 0.00 0.24
Pedestrian 0.00 0 0.00 696.71 163.58 758.03 324.49 0.00 0.00 0.00 0.00 0.00 0.00 0.00 0.17
Pedestrian 0.00 0 0.00 636.53 162.49 691.42 285.98 0.00 0.00 0.00 0.00 0.00 0.00 0.00 0.17
Pedestrian 0.00 0 0.00 420.98 170.09 474.29 296.30 0.00 0.00 0.00 0.00 0.00 0.00 0.00 0.00
Pedestrian 0.00 0 0.00 552.17 159.21 584.77 255.29 0.00 0.00 0.00 0.00 0.00 0.00 0.00 0.29
Pedestrian 0.00 0 0.00 563.50 168.14 615.28 296.65 0.00 0.00 0.00 0.00 0.00 0.00 0.00 0.14
Pedestrian 0.00 0 0.00 82.55 148.38 119.85 255.86 0.00 0.00 0.00 0.00 0.00 0.00 0.00 0.40
Pedestrian 0.00 0 0.00 653.66 147.97 677.25 205.48 0.00 0.00 0.00 0.00 0.00 0.00 0.00 0.38
Pedestrian 0.00 0 0.00 448.94 172.82 481.68 264.94 0.00 0.00 0.00 0.00 0.00 0.00 0.00 0.27
Pedestrian 0.00 0 0.00 581.11 164.10 594.59 192.25 0.00 0.00 0.00 0.00 0.00 0.00 0.00 0.36
