Pedestrian 0.00 0 0.00 484.27 165.91 505.97 234.76 0.00 0.00 0.00 0.00 0.00 0.00 0.00 0.01
Pedestrian 0.00 0 0.00 673.83 170.02 702.83 232.26 0.00 0.00 0.00 0.00 0.00 0.00 0.00 0.34
Pedestrian 0.00 0 0.00 853.82 192.11 896.51 292.95 0.00 0.00 0.00 0.00 0.00 0.00 0.00 0.32
Pedestrian 0.00 0 0.00 778.25 154.49 796.66 202.06 0.00 0.00 0.00 0.00 0.00 0.00 0.00 0.51
Pedestrian 0.00 0 0.00 376.82 163.08 394.30 207.12 0.00 0.00 0.00 0.00 0.00 0.00 0.00 0.34
Pedestrian 0.00 0 0.00 95.19 179.12 123.36 205.21 0.00 0.00 0.00 0.00 0.00 0.00 0.00 0.99
Pedestrian 0.00 0 0.00 792.09 155.29 808.78 206.06 0.00 0.00 0.00 0.00 0.00 0.00 0.00 0.51
Pedestrian 0.00 0 0.00 734.77 161.83 749.60 201.23 0.00 0.00 0.00 0.00 0.00 0.00 0.00 0.48
Pedestrian 0.00 0 0.00 768.95 157.37 785.69 201.74 0.00 0.00 0.00 0.00 0.00 0.00 0.00 0.51
Pedestrian 0.00 0 0.00 559.33 170.63 574.56 206.07 0.00 0.00 0.00 0.00 0.00 0.00 0.00 0.34
Pedestrian 0.00 0 0.00 1177.46 144.86 1227.67 280.56 0.00 0.00 0.00 0.00 0.00 0.00 0.00 0.73
Pedestrian 0.00 0 0.00 130.40 199.52 168.12 241.48 0.00 0.00 0.00 0.00 0.00 0.00 0.00 0.96
Pedestrian 0.00 0 0.00 377.50 159.46 410.43 246.89 0.00 0.00 0.00 0.00 0.00 0.00 0.00 0.29
