Pedestrian 0.00 0 0.00 596.18 170.37 631.19 243.60 0.00 0.00 0.00 0.00 0.00 0.00 0.00 0.30
Pedestrian 0.00 0 0.00 619.93 165.92 638.05 217.31 0.00 0.00 0.00 0.00 0.00 0.00 0.00 0.35
Pedestrian 0.00 0 0.00 126.88 194.19 195.84 340.51 0.00 0.00 0.00 0.00 0.00 0.00 0.00 0.24
Pedestrian 0.00 0 0.00 647.04 162.92 657.80 200.75 0.00 0.00 0.00 0.00 0.00 0.00 0.00 0.38
Pedestrian 0.00 0 0.00 565.74 179.58 580.61 225.56 0.00 0.00 0.00 0.00 0.00 0.00 0.00 0.32
Pedestrian 0.00 0 0.00 640.01 164.04 651.72 201.75 0.00 0.00 0.00 0.00 0.00 0.00 0.00 0.38
Pedestrian 0.00 0 0.00 660.46 164.73 671.97 201.25 0.00 0.00 0.00 0.00 0.00 0.00 0.00 0.38
Pedestrian 0.00 0 0.00 295.45 163.32 332.85 268.62 0.00 0.00 0.00 0.00 0.00 0.00 0.00 0.27
Pedestrian 0.00 0 0.00 608.93 160.42 621.80 201.64 0.00 0.00 0.00 0.00 0.00 0.00 0.00 0.38
Pedestrian 0.00 0 0.00 486.94 171.55 513.03 244.02 0.00 0.00 0.00 0.00 0.00 0.00 0.00 0.28
Pedestrian 0.00 0 0.00 548.47 170.25 569.34 233.86 0.00 0.00 0.00 0.00 0.00 0.00 0.00 0.02
Pedestrian 0.00 0 0.00 601.98 161.56 615.74 198.64 0.00 0.00 0.00 0.00 0.00 0.00 0.00 0.38
Pedestrian 0.00 0 0.00 710.98 157.64 722.40 195.90 0.00 0.00 0.00 0.00 0.00 0.00 0.00 0.48
