Pedestrian 0.00 0 0.00 651.12 160.61 675.27 229.65 0.00 0.00 0.00 0.00 0.00 0.00 0.00 0.35
Pedestrian 0.00 0 0.00 382.44 167.34 404.05 220.69 0.00 0.00 0.00 0.00 0.00 0.00 0.00 0.01
Pedestrian 0.00 0 0.00 111.70 166.06 165.13 332.58 0.00 0.00 0.00 0.00 0.00 0.00 0.00 0.23
Pedestrian 0.00 0 0.00 213.83 169.73 295.72 347.09 0.00 0.00 0.00 0.00 0.00 0.00 0.00 0.07
Pedestrian 0.00 0 0.00 191.26 163.91 240.93 301.36 0.00 0.00 0.00 0.00 0.00 0.00 0.00 0.27
Pedestrian 0.00 0 0.00 12.52 164.89 108.91 367.91 0.00 0.00 0.00 0.00 0.00 0.00 0.00 0.80
Pedestrian 0.00 0 0.00 470.58 167.73 478.53 199.36 0.00 0.00 0.00 0.00 0.00 0.00 0.00 0.32
Pedestrian 0.00 0 0.00 684.65 145.16 709.41 215.13 0.00 0.00 0.00 0.00 0.00 0.00 0.00 0.38
Pedestrian 0.00 0 0.00 423.39 176.32 434.24 202.23 0.00 0.00 0.00 0.00 0.00 0.00 0.00 0.33
Pedestrian 0.00 0 0.00 731.46 173.93 766.70 256.62 0.00 0.00 0.00 0.00 0.00 0.00 0.00 0.34
Pedestrian 0.00 0 0.00 501.23 167.01 529.37 214.01 0.00 0.00 0.00 0.00 0.00 0.00 0.00 0.33
Pedestrian 0.00 0 0.00 -16.00 180.15 33.37 229.66 0.00 0.00 0.00 0.00 0.00 0.00 0.00 1.00
Pedestrian 0.00 0 0.00 546.15 174.59 570.25 231.06 0.00 0.00 0.00 0.00 0.00 0.00 0.00 0.32
Pedestrian 0.00 0 0.00 103.93 164.82 146.64 287.24 0.00 0.00 0.00 0.00 0.00 0.00 0.00 0.38
Pedestrian 0.00 0 0.00 59.53 151.58 82.33 216.93 0.00 0.00 0.00 0.00 0.00 0.00 0.00 0.51
