Pedestrian 0.00 0 0.00 556.60 169.64 578.00 230.54 0.00 0.00 0.00 0.00 0.00 0.00 0.00 0.32
Pedestrian 0.00 0 0.00 670.59 162.72 736.29 332.19 0.00 0.00 0.00 0.00 0.00 0.00 0.00 0.00
Pedestrian 0.00 0 0.00 506.71 171.10 525.39 229.19 0.00 0.00 0.00 0.00 0.00 0.00 0.00 0.30
Pedestrian 0.00 0 0.00 926.91 136.82 986.03 267.55 0.00 0.00 0.00 0.00 0.00 0.00 0.00 0.26
Pedestrian 0.00 0 0.00 579.22 170.28 593.52 215.34 0.00 0.00 0.00 0.00 0.00 0.00 0.00 0.34
Pedestrian 0.00 0 0.00 900.15 158.40 942.56 268.67 0.00 0.00 0.00 0.00 0.00 0.00 0.00 0.39
Pedestrian 0.00 0 0.00 1128.86 125.28 1233.05 378.71 0.00 0.00 0.00 0.00 0.00 0.00 0.00 0.00
Pedestrian 0.00 0 0.00 588.70 170.14 606.99 226.74 0.00 0.00 0.00 0.00 0.00 0.00 0.00 0.33
Pedestrian 0.00 0 0.00 962.18 145.97 1016.83 268.76 0.00 0.00 0.00 0.00 0.00 0.00 0.00 0.43
Pedestrian 0.00 0 0.00 631.67 169.21 646.41 210.66 0.00 0.00 0.00 0.00 0.00 0.00 0.00 0.37
Pedestrian 0.00 0 0.00 599.26 173.34 619.16 230.53 0.00 0.00 0.00 0.00 0.00 0.00 0.00 0.33
Pedestrian 0.00 0 0.00 86.97 139.36 228.55 351.20 0.00 0.00 0.00 0.00 0.00 0.00 0.00 0.45
Pedestrian 0.00 0 0.00 658.94 168.11 675.03 210.78 0.00 0.00 0.00 0.00 0.00 0.00 0.00 0.37
Pedestrian 0.00 0 0.00 481.94 170.70 508.74 231.96 0.00 0.00 0.00 0.00 0.00 0.00 0.00 0.29
Pedestrian 0.00 0 0.00 481.80 171.88 496.49 211.19 0.00 0.00 0.00 0.00 0.00 0.00 0.00 0.31
Pedestrian 0.00 0 0.00 610.26 173.88 629.07 228.23 0.00 0.00 0.00 0.00 0.00 0.00 0.00 0.33
Pedestrian 0.00 0 0.00 411.77 198.59 442.87 294.36 0.00 0.00 0.00 0.00 0.00 0.00 0.00 0.26
Pedestrian 0.00 0 0.00 749.04 150.61 779.77 220.88 0.00 0.00 0.00 0.00 0.00 0.00 0.00 0.38
Pedestrian 0.00 0 0.00 668.16 164.69 686.18 216.04 0.00 0.00 0.00 0.00 0.00 0.00 0.00 0.37
