Pedestrian 0.00 0 0.00 1055.96 116.83 1207.38 368.25 0.00 0.00 0.00 0.00 0.00 0.00 0.00 0.60
Pedestrian 0.00 0 0.00 1064.04 106.54 1183.49 323.24 0.00 0.00 0.00 0.00 0.00 0.00 0.00 0.87
Pedestrian 0.00 0 0.00 681.38 162.90 701.63 221.59 0.00 0.00 0.00 0.00 0.00 0.00 0.00 0.36
Pedestrian 0.00 0 0.00 644.69 162.28 661.72 224.79 0.00 0.00 0.00 0.00 0.00 0.00 0.00 0.35
Pedestrian 0.00 0 0.00 590.91 157.97 621.39 227.65 0.00 0.00 0.00 0.00 0.00 0.00 0.00 0.34
Pedestrian 0.00 0 0.00 653.30 156.12 675.77 225.47 0.00 0.00 0.00 0.00 0.00 0.00 0.00 0.36
Pedestrian 0.00 0 0.00 437.64 159.37 465.29 225.95 0.00 0.00 0.00 0.00 0.00 0.00 0.00 0.30
Pedestrian 0.00 0 0.00 706.72 156.56 733.75 225.63 0.00 0.00 0.00 0.00 0.00 0.00 0.00 0.08
Pedestrian 0.00 0 0.00 474.65 154.34 517.27 258.78 0.00 0.00 0.00 0.00 0.00 0.00 0.00 0.24
Pedestrian 0.00 0 0.00 613.38 159.72 633.36 211.84 0.00 0.00 0.00 0.00 0.00 0.00 0.00 0.07
Pedestrian 0.00 0 0.00 543.25 166.65 557.08 200.08 0.00 0.00 0.00 0.00 0.00 0.00 0.00 0.35
Pedestrian 0.00 0 0.00 777.69 154.06 858.18 343.66 0.00 0.00 0.00 0.00 0.00 0.00 0.00 0.16
Pedestrian 0.00 0 0.00 713.35 153.05 735.05 204.65 0.00 0.00 0.00 0.00 0.00 0.00 0.00 0.42
Pedestrian 0.00 0 0.00 632.38 166.48 645.93 204.06 0.00 0.00 0.00 0.00 0.00 0.00 0.00 0.38
Pedestrian 0.00 0 0.00 348.90 179.74 401.10 320.72 0.00 0.00 0.00 0.00 0.00 0.00 0.00 0.20
Pedestrian 0.00 0 0.00 667.64 160.46 683.85 208.46 0.00 0.00 0.00 0.00 0.00 0.00 0.00 0.38
Pedestrian 0.00 0 0.00 387.36 175.09 396.61 208.89 0.00 0.00 0.00 0.00 0.00 0.00 0.00 0.35
Pedestrian 0.00 0 0.00 1157.99 98.92 1234.10 274.98 0.00 0.00 0.00 0.00 0.00 0.00 0.00 0.98
Pedestrian 0.00 0 0.00 477.90 162.08 493.56 206.24 0.00 0.00 0.00 0.00 0.00 0.00 0.00 0.33
