Pedestrian 0.00 0 0.00 442.32 175.94 462.25 229.39 0.00 0.00 0.00 0.00 0.00 0.00 0.00 0.01
Pedestrian 0.00 0 0.00 786.68 155.17 834.56 270.73 0.00 0.00 0.00 0.00 0.00 0.00 0.00 0.28
Pedestrian 0.00 0 0.00 569.20 174.34 584.57 223.99 0.00 0.00 0.00 0.00 0.00 0.00 0.00 0.32
Pedestrian 0.00 0 0.00 709.71 199.03 774.48 365.34 0.00 0.00 0.00 0.00 0.00 0.00 0.00 0.07
Pedestrian 0.00 0 0.00 587.44 172.81 602.37 222.82 0.00 0.00 0.00 0.00 0.00 0.00 0.00 0.33
Pedestrian 0.00 0 0.00 684.09 154.52 733.90 285.89 0.00 0.00 0.00 0.00 0.00 0.00 0.00 0.23
Pedestrian 0.00 0 0.00 648.88 168.04 660.81 201.78 0.00 0.00 0.00 0.00 0.00 0.00 0.00 0.38
Pedestrian 0.00 0 0.00 770.75 173.65 797.93 246.77 0.00 0.00 0.00 0.00 0.00 0.00 0.00 0.35
Pedestrian 0.00 0 0.00 808.84 140.65 847.09 237.82 0.00 0.00 0.00 0.00 0.00 0.00 0.00 0.43
Pedestrian 0.00 0 0.00 78.43 186.15 140.26 344.01 0.00 0.00 0.00 0.00 0.00 0.00 0.00 0.28
Pedestrian 0.00 0 0.00 522.83 177.04 536.87 204.65 0.00 0.00 0.00 0.00 0.00 0.00 0.00 0.33
Pedestrian 0.00 0 0.00 401.84 171.52 426.83 221.72 0.00 0.00 0.00 0.00 0.00 0.00 0.00 0.32
Pedestrian 0.00 0 0.00 614.64 170.72 649.09 251.45 0.00 0.00 0.00 0.00 0.00 0.00 0.00 0.31
Pedestrian 0.00 0 0.00 231.65 156.01 266.19 240.46 0.00 0.00 0.00 0.00 0.00 0.00 0.00 0.42
