Pedestrian 0.00 0 0.00 774.53 173.70 801.49 244.84 0.00 0.00 0.00 0.00 0.00 0.00 0.00 0.35
Pedestrian 0.00 0 0.00 219.26 156.39 299.97 341.95 0.00 0.00 0.00 0.00 0.00 0.00 0.00 0.16
Pedestrian 0.00 0 0.00 948.35 161.37 999.42 288.51 0.00 0.00 0.00 0.00 0.00 0.00 0.00 0.29
Pedestrian 0.00 0 0.00 498.86 173.51 516.14 216.99 0.00 0.00 0.00 0.00 0.00 0.00 0.00 0.31
Pedestrian 0.00 0 0.00 839.89 159.78 855.54 211.78 0.00 0.00 0.00 0.00 0.00 0.00 0.00 0.53
Pedestrian 0.00 0 0.00 486.45 176.37 504.65 222.17 0.00 0.00 0.00 0.00 0.00 0.00 0.00 0.29
Pedestrian 0.00 0 0.00 883.76 163.85 903.00 225.71 0.00 0.00 0.00 0.00 0.00 0.00 0.00 0.53
Pedestrian 0.00 0 0.00 669.42 174.14 681.03 201.14 0.00 0.00 0.00 0.00 0.00 0.00 0.00 0.37
Pedestrian 0.00 0 0.00 1077.60 111.94 1168.84 318.13 0.00 0.00 0.00 0.00 0.00 0.00 0.00 0.77
Pedestrian 0.00 0 0.00 812.53 166.17 846.56 240.80 0.00 0.00 0.00 0.00 0.00 0.00 0.00 0.36
Pedestrian 0.00 0 0.00 602.93 172.82 614.48 206.71 0.00 0.00 0.00 0.00 0.00 0.00 0.00 0.35
Pedestrian 0.00 0 0.00 1065.43 98.44 1141.20 263.00 0.00 0.00 0.00 0.00 0.00 0.00 0.00 0.95
Pedestrian 0.00 0 0.00 834.15 184.41 878.84 284.11 0.00 0.00 0.00 0.00 0.00 0.00 0.00 0.32
Pedestrian 0.00 0 0.00 859.29 174.90 888.04 237.84 0.00 0.00 0.00 0.00 0.00 0.00 0.00 0.45
Pedestrian 0.00 0 0.00 771.95 156.26 849.90 359.80 0.00 0.00 0.00 0.00 0.00 0.00 0.00 0.20
Pedestrian 0.00 0 0.00 612.71 181.71 624.61 214.06 0.00 0.00 0.00 0.00 0.00 0.00 0.00 0.34
