Pedestrian 0.00 0 0.00 404.39 170.95 427.37 227.06 0.00 0.00 0.00 0.00 0.00 0.00 0.00 0.01
Pedestrian 0.00 0 0.00 549.72 168.50 566.69 219.65 0.00 0.00 0.00 0.00 0.00 0.00 0.00 0.33
Pedestrian 0.00 0 0.00 735.46 152.65 782.73 259.69 0.00 0.00 0.00 0.00 0.00 0.00 0.00 0.28
Pedestrian 0.00 0 0.00 661.75 198.34 720.01 350.25 0.00 0.00 0.00 0.00 0.00 0.00 0.00 0.11
Pedestrian 0.00 0 0.00 644.60 154.63 684.52 274.20 0.00 0.00 0.00 0.00 0.00 0.00 0.00 0.28
Pedestrian 0.00 0 0.00 764.43 136.49 793.28 226.83 0.00 0.00 0.00 0.00 0.00 0.00 0.00 0.48
Pedestrian 0.00 0 0.00 581.24 169.91 616.81 244.61 0.00 0.00 0.00 0.00 0.00 0.00 0.00 0.30
Pedestrian 0.00 0 0.00 62.34 182.70 109.93 337.17 0.00 0.00 0.00 0.00 0.00 0.00 0.00 0.42
Pedestrian 0.00 0 0.00 491.09 172.72 505.22 203.37 0.00 0.00 0.00 0.00 0.00 0.00 0.00 0.33
Pedestrian 0.00 0 0.00 -19.17 189.21 35.71 250.72 0.00 0.00 0.00 0.00 0.00 0.00 0.00 1.00
