Pedestrian 0.00 0 0.00 377.79 173.88 414.48 285.07 0.00 0.00 0.00 0.00 0.00 0.00 0.00 0.77
Pedestrian 0.00 0 0.00 915.62 175.97 952.83 288.06 0.00 0.00 0.00 0.00 0.00 0.00 0.00 0.76
Pedestrian 0.00 0 0.00 866.70 171.52 910.56 286.67 0.00 0.00 0.00 0.00 0.00 0.00 0.00 0.75
Pedestrian 0.00 0 0.00 742.30 184.40 788.11 310.68 0.00 0.00 0.00 0.00 0.00 0.00 0.00 0.72
Pedestrian 0.00 0 0.00 298.29 175.15 331.69 248.43 0.00 0.00 0.00 0.00 0.00 0.00 0.00 0.70
Pedestrian 0.00 0 0.00 716.51 180.85 748.64 281.62 0.00 0.00 0.00 0.00 0.00 0.00 0.00 0.63
Pedestrian 0.00 0 0.00 690.59 184.31 718.94 269.63 0.00 0.00 0.00 0.00 0.00 0.00 0.00 0.56
Pedestrian 0.00 0 0.00 785.05 173.88 814.46 263.37 0.00 0.00 0.00 0.00 0.00 0.00 0.00 0.43
Pedestrian 0.00 0 0.00 644.78 178.37 671.65 244.29 0.00 0.00 0.00 0.00 0.00 0.00 0.00 0.38
Pedestrian 0.00 0 0.00 663.02 184.45 680.76 244.58 0.00 0.00 0.00 0.00 0.00 0.00 0.00 0.29
Pedestrian 0.00 0 0.00 790.35 174.22 814.91 249.09 0.00 0.00 0.00 0.00 0.00 0.00 0.00 0.27
