Pedestrian 0.00 0 0.00 1020.96 149.28 1091.82 331.72 0.00 0.00 0.00 0.00 0.00 0.00 0.00 0.82
Pedestrian 0.00 0 0.00 1157.40 185.26 1223.67 367.65 0.00 0.00 0.00 0.00 0.00 0.00 0.00 0.81
Pedestrian 0.00 0 0.00 505.17 152.91 558.35 305.98 0.00 0.00 0.00 0.00 0.00 0.00 0.00 0.78
Pedestrian 0.00 0 0.00 917.60 152.81 1007.24 337.05 0.00 0.00 0.00 0.00 0.00 0.00 0.00 0.76
Pedestrian 0.00 0 0.00 808.59 149.82 872.00 321.84 0.00 0.00 0.00 0.00 0.00 0.00 0.00 0.73
Pedestrian 0.00 0 0.00 718.49 147.79 782.95 322.20 0.00 0.00 0.00 0.00 0.00 0.00 0.00 0.71
Pedestrian 0.00 0 0.00 663.28 141.85 711.61 287.00 0.00 0.00 0.00 0.00 0.00 0.00 0.00 0.58
Pedestrian 0.00 0 0.00 591.26 143.13 633.89 290.79 0.00 0.00 0.00 0.00 0.00 0.00 0.00 0.56
Pedestrian 0.00 0 0.00 553.60 153.77 596.13 295.91 0.00 0.00 0.00 0.00 0.00 0.00 0.00 0.43
Pedestrian 0.00 0 0.00 639.38 156.70 675.48 285.74 0.00 0.00 0.00 0.00 0.00 0.00 0.00 0.32
Pedestrian 0.00 0 0.00 565.83 154.42 599.72 299.50 0.00 0.00 0.00 0.00 0.00 0.00 0.00 0.30
