Pedestrian 0.00 0 0.00 920.82 150.59 1025.99 369.31 0.00 0.00 0.00 0.00 0.00 0.00 0.00 0.87
Pedestrian 0.00 0 0.00 1085.73 137.65 1161.74 367.35 0.00 0.00 0.00 0.00 0.00 0.00 0.00 0.84
Pedestrian 0.00 0 0.00 1016.68 134.23 1106.71 369.13 0.00 0.00 0.00 0.00 0.00 0.00 0.00 0.83
Pedestrian 0.00 0 0.00 590.45 145.79 630.02 247.03 0.00 0.00 0.00 0.00 0.00 0.00 0.00 0.81
Pedestrian 0.00 0 0.00 635.38 139.20 672.01 243.35 0.00 0.00 0.00 0.00 0.00 0.00 0.00 0.78
Pedestrian 0.00 0 0.00 572.01 143.96 598.01 226.28 0.00 0.00 0.00 0.00 0.00 0.00 0.00 0.51
Pedestrian 0.00 0 0.00 498.90 140.93 527.90 223.21 0.00 0.00 0.00 0.00 0.00 0.00 0.00 0.42
Pedestrian 0.00 0 0.00 546.88 140.67 573.80 229.76 0.00 0.00 0.00 0.00 0.00 0.00 0.00 0.41
Pedestrian 0.00 0 0.00 446.85 144.52 472.98 210.12 0.00 0.00 0.00 0.00 0.00 0.00 0.00 0.39
Pedestrian 0.00 0 0.00 691.93 147.33 709.69 203.53 0.00 0.00 0.00 0.00 0.00 0.00 0.00 0.34
Pedestrian 0.00 0 0.00 526.64 141.03 550.68 223.91 0.00 0.00 0.00 0.00 0.00 0.00 0.00 0.33
