Pedestrian 0.00 0 0.00 10.26 155.80 156.99 372.20 0.00 0.00 0.00 0.00 0.00 0.00 0.00 0.88
Pedestrian 0.00 0 0.00 443.85 173.15 463.32 233.78 0.00 0.00 0.00 0.00 0.00 0.00 0.00 0.64
Pedestrian 0.00 0 0.00 629.40 174.36 654.76 255.19 0.00 0.00 0.00 0.00 0.00 0.00 0.00 0.57
Pedestrian 0.00 0 0.00 693.88 176.16 713.96 241.51 0.00 0.00 0.00 0.00 0.00 0.00 0.00 0.54
Pedestrian 0.00 0 0.00 711.13 172.18 731.81 239.74 0.00 0.00 0.00 0.00 0.00 0.00 0.00 0.47
Pedestrian 0.00 0 0.00 662.73 174.62 679.47 249.23 0.00 0.00 0.00 0.00 0.00 0.00 0.00 0.38
Pedestrian 0.00 0 0.00 673.70 175.08 697.55 252.32 0.00 0.00 0.00 0.00 0.00 0.00 0.00 0.37
Pedestrian 0.00 0 0.00 609.41 173.98 629.36 227.15 0.00 0.00 0.00 0.00 0.00 0.00 0.00 0.33
Pedestrian 0.00 0 0.00 653.61 171.66 670.89 239.76 0.00 0.00 0.00 0.00 0.00 0.00 0.00 0.31
Pedestrian 0.00 0 0.00 665.10 175.35 685.78 250.14 0.00 0.00 0.00 0.00 0.00 0.00 0.00 0.30
Pedestrian 0.00 0 0.00 0.12 209.20 35.60 313.29 0.00 0.00 0.00 0.00 0.00 0.00 0.00 0.29
Pedestrian 0.00 0 0.00 0.07 207.74 39.78 352.00 0.00 0.00 0.00 0.00 0.00 0.00 0.00 0.29
Pedestrian 0.00 0 0.00 686.84 180.26 704.93 250.85 0.00 0.00 0.00 0.00 0.00 0.00 0.00 0.29
Pedestrian 0.00 0 0.00 196.18 181.54 280.51 337.46 0.00 0.00 0.00 0.00 0.00 0.00 0.00 0.27
