Pedestrian 0.00 0 0.00 810.26 166.11 870.14 321.98 0.00 0.00 0.00 0.00 0.00 0.00 0.00 0.75
Pedestrian 0.00 0 0.00 728.35 173.70 775.84 326.43 0.00 0.00 0.00 0.00 0.00 0.00 0.00 0.74
Pedestrian 0.00 0 0.00 287.67 167.66 328.30 275.00 0.00 0.00 0.00 0.00 0.00 0.00 0.00 0.71
Pedestrian 0.00 0 0.00 1083.41 154.93 1144.69 302.85 0.00 0.00 0.00 0.00 0.00 0.00 0.00 0.61
Pedestrian 0.00 0 0.00 1129.12 147.81 1191.84 285.71 0.00 0.00 0.00 0.00 0.00 0.00 0.00 0.58
Pedestrian 0.00 0 0.00 394.40 168.75 429.39 256.85 0.00 0.00 0.00 0.00 0.00 0.00 0.00 0.57
Pedestrian 0.00 0 0.00 370.72 155.94 398.53 249.57 0.00 0.00 0.00 0.00 0.00 0.00 0.00 0.50
Pedestrian 0.00 0 0.00 1036.37 157.93 1080.34 277.85 0.00 0.00 0.00 0.00 0.00 0.00 0.00 0.41
Pedestrian 0.00 0 0.00 803.76 161.83 828.88 268.39 0.00 0.00 0.00 0.00 0.00 0.00 0.00 0.41
Pedestrian 0.00 0 0.00 624.23 170.89 646.58 236.38 0.00 0.00 0.00 0.00 0.00 0.00 0.00 0.37
