Pedestrian 0.00 0 0.00 762.74 160.56 816.94 297.48 0.00 0.00 0.00 0.00 0.00 0.00 0.00 0.75
Pedestrian 0.00 0 0.00 204.15 171.88 247.65 279.21 0.00 0.00 0.00 0.00 0.00 0.00 0.00 0.75
Pedestrian 0.00 0 0.00 1099.45 152.95 1183.88 339.86 0.00 0.00 0.00 0.00 0.00 0.00 0.00 0.74
Pedestrian 0.00 0 0.00 733.69 160.37 765.65 264.84 0.00 0.00 0.00 0.00 0.00 0.00 0.00 0.74
Pedestrian 0.00 0 0.00 689.57 163.21 741.93 301.49 0.00 0.00 0.00 0.00 0.00 0.00 0.00 0.71
Pedestrian 0.00 0 0.00 1155.32 144.43 1224.93 311.14 0.00 0.00 0.00 0.00 0.00 0.00 0.00 0.68
Pedestrian 0.00 0 0.00 274.10 175.07 323.31 295.08 0.00 0.00 0.00 0.00 0.00 0.00 0.00 0.59
Pedestrian 0.00 0 0.00 244.48 174.29 278.15 267.52 0.00 0.00 0.00 0.00 0.00 0.00 0.00 0.42
Pedestrian 0.00 0 0.00 1012.67 141.19 1049.25 219.62 0.00 0.00 0.00 0.00 0.00 0.00 0.00 0.39
Pedestrian 0.00 0 0.00 604.25 165.43 629.64 232.76 0.00 0.00 0.00 0.00 0.00 0.00 0.00 0.33
