Pedestrian 0.00 0 0.00 1058.82 152.97 1198.71 368.31 0.00 0.00 0.00 0.00 0.00 0.00 0.00 0.86
Pedestrian 0.00 0 0.00 533.56 154.53 599.98 354.26 0.00 0.00 0.00 0.00 0.00 0.00 0.00 0.81
Pedestrian 0.00 0 0.00 787.69 151.43 882.00 365.91 0.00 0.00 0.00 0.00 0.00 0.00 0.00 0.76
Pedestrian 0.00 0 0.00 878.28 154.36 966.57 357.02 0.00 0.00 0.00 0.00 0.00 0.00 0.00 0.74
Pedestrian 0.00 0 0.00 678.42 162.41 721.10 304.99 0.00 0.00 0.00 0.00 0.00 0.00 0.00 0.61
Pedestrian 0.00 0 0.00 625.70 142.23 675.65 313.16 0.00 0.00 0.00 0.00 0.00 0.00 0.00 0.57
Pedestrian 0.00 0 0.00 1188.37 182.04 1223.73 367.73 0.00 0.00 0.00 0.00 0.00 0.00 0.00 0.56
Pedestrian 0.00 0 0.00 520.25 141.72 549.09 244.70 0.00 0.00 0.00 0.00 0.00 0.00 0.00 0.49
Pedestrian 0.00 0 0.00 590.52 157.51 635.52 321.48 0.00 0.00 0.00 0.00 0.00 0.00 0.00 0.49
Pedestrian 0.00 0 0.00 710.51 147.51 763.95 300.77 0.00 0.00 0.00 0.00 0.00 0.00 0.00 0.46
Pedestrian 0.00 0 0.00 775.89 155.52 811.04 304.95 0.00 0.00 0.00 0.00 0.00 0.00 0.00 0.46
