Pedestrian 0.00 0 0.00 876.86 154.40 980.60 370.00 0.00 0.00 0.00 0.00 0.00 0.00 0.00 0.86
Pedestrian 0.00 0 0.00 993.03 154.29 1115.69 368.56 0.00 0.00 0.00 0.00 0.00 0.00 0.00 0.86
Pedestrian 0.00 0 0.00 577.73 150.31 655.58 369.52 0.00 0.00 0.00 0.00 0.00 0.00 0.00 0.81
Pedestrian 0.00 0 0.00 836.26 160.14 895.68 331.87 0.00 0.00 0.00 0.00 0.00 0.00 0.00 0.70
Pedestrian 0.00 0 0.00 755.76 149.72 816.62 331.36 0.00 0.00 0.00 0.00 0.00 0.00 0.00 0.66
Pedestrian 0.00 0 0.00 535.90 147.66 570.96 260.65 0.00 0.00 0.00 0.00 0.00 0.00 0.00 0.64
Pedestrian 0.00 0 0.00 670.32 154.56 732.87 339.06 0.00 0.00 0.00 0.00 0.00 0.00 0.00 0.62
Pedestrian 0.00 0 0.00 273.85 168.88 345.81 336.57 0.00 0.00 0.00 0.00 0.00 0.00 0.00 0.57
Pedestrian 0.00 0 0.00 718.17 138.63 762.88 332.52 0.00 0.00 0.00 0.00 0.00 0.00 0.00 0.40
Pedestrian 0.00 0 0.00 290.36 170.34 343.62 328.59 0.00 0.00 0.00 0.00 0.00 0.00 0.00 0.29
Pedestrian 0.00 0 0.00 636.40 167.35 683.77 332.85 0.00 0.00 0.00 0.00 0.00 0.00 0.00 0.27
