Pedestrian 0.00 0 0.00 725.01 168.16 773.15 318.36 0.00 0.00 0.00 0.00 0.00 0.00 0.00 0.69
Pedestrian 0.00 0 0.00 493.41 171.73 516.41 236.06 0.00 0.00 0.00 0.00 0.00 0.00 0.00 0.65
Pedestrian 0.00 0 0.00 947.95 136.30 1004.79 276.81 0.00 0.00 0.00 0.00 0.00 0.00 0.00 0.61
Pedestrian 0.00 0 0.00 0.23 184.47 131.35 371.97 0.00 0.00 0.00 0.00 0.00 0.00 0.00 0.49
Pedestrian 0.00 0 0.00 151.96 216.34 226.53 287.66 0.00 0.00 0.00 0.00 0.00 0.00 0.00 0.48
Pedestrian 0.00 0 0.00 472.07 175.20 492.08 238.95 0.00 0.00 0.00 0.00 0.00 0.00 0.00 0.45
Pedestrian 0.00 0 0.00 557.83 174.96 578.48 235.50 0.00 0.00 0.00 0.00 0.00 0.00 0.00 0.43
Pedestrian 0.00 0 0.00 614.59 171.06 630.87 230.34 0.00 0.00 0.00 0.00 0.00 0.00 0.00 0.32
Pedestrian 0.00 0 0.00 618.66 172.02 633.00 231.36 0.00 0.00 0.00 0.00 0.00 0.00 0.00 0.30
Pedestrian 0.00 0 0.00 598.54 174.49 617.03 232.37 0.00 0.00 0.00 0.00 0.00 0.00 0.00 0.30
