Pedestrian 0.00 0 0.00 877.18 157.41 971.50 332.62 0.00 0.00 0.00 0.00 0.00 0.00 0.00 0.85
Pedestrian 0.00 0 0.00 786.17 156.94 820.21 257.25 0.00 0.00 0.00 0.00 0.00 0.00 0.00 0.76
Pedestrian 0.00 0 0.00 671.54 161.41 709.99 262.77 0.00 0.00 0.00 0.00 0.00 0.00 0.00 0.73
Pedestrian 0.00 0 0.00 270.16 172.98 301.43 256.84 0.00 0.00 0.00 0.00 0.00 0.00 0.00 0.72
Pedestrian 0.00 0 0.00 1033.38 158.74 1104.27 319.71 0.00 0.00 0.00 0.00 0.00 0.00 0.00 0.69
Pedestrian 0.00 0 0.00 608.03 160.36 642.84 265.72 0.00 0.00 0.00 0.00 0.00 0.00 0.00 0.63
Pedestrian 0.00 0 0.00 1155.84 143.85 1225.82 307.38 0.00 0.00 0.00 0.00 0.00 0.00 0.00 0.56
Pedestrian 0.00 0 0.00 128.90 191.96 188.11 369.66 0.00 0.00 0.00 0.00 0.00 0.00 0.00 0.53
Pedestrian 0.00 0 0.00 651.54 165.40 680.70 260.62 0.00 0.00 0.00 0.00 0.00 0.00 0.00 0.47
Pedestrian 0.00 0 0.00 101.26 174.53 185.82 369.19 0.00 0.00 0.00 0.00 0.00 0.00 0.00 0.33
