Pedestrian 0.00 0 0.00 721.81 166.52 769.04 313.48 0.00 0.00 0.00 0.00 0.00 0.00 0.00 0.77
Pedestrian 0.00 0 0.00 807.68 159.75 863.39 310.80 0.00 0.00 0.00 0.00 0.00 0.00 0.00 0.77
Pedestrian 0.00 0 0.00 239.33 171.01 282.95 276.96 0.00 0.00 0.00 0.00 0.00 0.00 0.00 0.75
Pedestrian 0.00 0 0.00 354.38 170.10 397.08 269.83 0.00 0.00 0.00 0.00 0.00 0.00 0.00 0.57
Pedestrian 0.00 0 0.00 1097.44 153.67 1184.88 317.79 0.00 0.00 0.00 0.00 0.00 0.00 0.00 0.55
Pedestrian 0.00 0 0.00 777.44 164.69 813.27 266.24 0.00 0.00 0.00 0.00 0.00 0.00 0.00 0.44
Pedestrian 0.00 0 0.00 1076.90 153.03 1128.13 294.37 0.00 0.00 0.00 0.00 0.00 0.00 0.00 0.38
Pedestrian 0.00 0 0.00 327.79 178.54 352.28 239.44 0.00 0.00 0.00 0.00 0.00 0.00 0.00 0.36
Pedestrian 0.00 0 0.00 1101.08 152.08 1160.57 301.99 0.00 0.00 0.00 0.00 0.00 0.00 0.00 0.30
Pedestrian 0.00 0 0.00 623.42 169.34 648.44 237.08 0.00 0.00 0.00 0.00 0.00 0.00 0.00 0.25
