Pedestrian 0.00 0 0.00 419.71 173.55 454.65 262.05 0.00 0.00 0.00 0.00 0.00 0.00 0.00 0.69
Pedestrian 0.00 0 0.00 843.55 168.29 873.83 251.99 0.00 0.00 0.00 0.00 0.00 0.00 0.00 0.64
Pedestrian 0.00 0 0.00 735.47 179.07 767.60 283.74 0.00 0.00 0.00 0.00 0.00 0.00 0.00 0.63
Pedestrian 0.00 0 0.00 806.91 168.58 833.07 250.77 0.00 0.00 0.00 0.00 0.00 0.00 0.00 0.63
Pedestrian 0.00 0 0.00 708.51 177.31 741.47 287.70 0.00 0.00 0.00 0.00 0.00 0.00 0.00 0.58
Pedestrian 0.00 0 0.00 762.66 171.06 792.25 253.95 0.00 0.00 0.00 0.00 0.00 0.00 0.00 0.51
Pedestrian 0.00 0 0.00 687.68 179.35 711.11 259.11 0.00 0.00 0.00 0.00 0.00 0.00 0.00 0.50
Pedestrian 0.00 0 0.00 662.45 184.61 682.61 237.70 0.00 0.00 0.00 0.00 0.00 0.00 0.00 0.40
Pedestrian 0.00 0 0.00 373.04 179.57 406.90 265.67 0.00 0.00 0.00 0.00 0.00 0.00 0.00 0.39
Pedestrian 0.00 0 0.00 786.03 170.67 807.91 241.65 0.00 0.00 0.00 0.00 0.00 0.00 0.00 0.30
Pedestrian 0.00 0 0.00 646.45 177.09 666.33 237.47 0.00 0.00 0.00 0.00 0.00 0.00 0.00 0.27
