Pedestrian 0.00 0 0.00 899.00 142.21 996.75 347.63 0.00 0.00 0.00 0.00 0.00 0.00 0.00 0.82
Pedestrian 0.00 0 0.00 836.45 140.42 904.15 366.70 0.00 0.00 0.00 0.00 0.00 0.00 0.00 0.74
Pedestrian 0.00 0 0.00 565.68 145.18 600.31 234.99 0.00 0.00 0.00 0.00 0.00 0.00 0.00 0.73
Pedestrian 0.00 0 0.00 808.01 143.26 903.00 364.66 0.00 0.00 0.00 0.00 0.00 0.00 0.00 0.60
Pedestrian 0.00 0 0.00 604.68 141.73 630.20 232.06 0.00 0.00 0.00 0.00 0.00 0.00 0.00 0.53
Pedestrian 0.00 0 0.00 525.63 149.51 549.56 222.41 0.00 0.00 0.00 0.00 0.00 0.00 0.00 0.44
Pedestrian 0.00 0 0.00 526.89 148.68 559.74 223.36 0.00 0.00 0.00 0.00 0.00 0.00 0.00 0.36
Pedestrian 0.00 0 0.00 444.90 141.48 470.11 214.56 0.00 0.00 0.00 0.00 0.00 0.00 0.00 0.34
Pedestrian 0.00 0 0.00 806.73 143.05 871.66 358.82 0.00 0.00 0.00 0.00 0.00 0.00 0.00 0.28
Pedestrian 0.00 0 0.00 490.06 145.03 516.05 221.03 0.00 0.00 0.00 0.00 0.00 0.00 0.00 0.27
Pedestrian 0.00 0 0.00 471.45 149.63 492.52 219.90 0.00 0.00 0.00 0.00 0.00 0.00 0.00 0.27
